# spin correlation
-3.451385820666646453e-01
-3.406243561536471121e-01
-3.360538794173222321e-01
-3.395564264753040962e-01
-3.352802010767607088e-01
-3.359651231054375797e-01
-3.339147373971315114e-01
-3.364918431161568746e-01
-3.308165499906188245e-01
-3.320545617599960364e-01
-3.240960911500515573e-01
-3.272169779591115879e-01
-3.277666581219078057e-01
-3.238587766752255015e-01
-3.247242593346290063e-01
-3.178883584442289689e-01
-3.213837439941995555e-01
-3.094221860002535074e-01
-3.153583001530978480e-01
-3.119435352016160512e-01
-2.983049963166078955e-01
-3.058261659720954984e-01
-3.004619783096528773e-01
-2.935293021026846860e-01
-2.919525028549361245e-01
-2.842158301613190163e-01
-2.850168970795645684e-01
-2.795927880706720603e-01
-2.719543912451281575e-01
-2.736707402525185850e-01
-2.663688935149363668e-01
-2.641547956049806745e-01
-2.609083479092274560e-01
-2.574359481278877260e-01
-2.455257222125230288e-01
-2.410076806997162868e-01
-2.448995161915868413e-01
-2.382803026340033214e-01
-2.286635218873497855e-01
-2.263538409547038166e-01
-2.206198211568675960e-01
-2.175003475052519897e-01
-2.124174378073230562e-01
-2.076659760016549561e-01
-2.059377833993590312e-01
-1.971751352341189478e-01
-1.938695409478823350e-01
-1.912934007982093898e-01
-1.846759002478531309e-01
-1.775307717635816185e-01
-1.760790410965737407e-01
-1.750009473373778379e-01
-1.638163332867091926e-01
-1.588059385476213170e-01
-1.596358346925302318e-01
-1.569475925275063410e-01
-1.471275751462119419e-01
-1.434368743415927738e-01
-1.395302414597763274e-01
-1.315815526947543002e-01
-1.314820658604346215e-01
-1.281991993029264476e-01
-1.250943255504666785e-01
-1.187262626654148612e-01
-1.195452807167895620e-01
-1.136754567220576995e-01
-1.077738230415744847e-01
-1.036072966482006752e-01
-1.026228027230265544e-01
-9.554845718600898929e-02
-9.656329004033384344e-02
-9.313390864979023687e-02
-8.392245831643416198e-02
-8.368675978221946921e-02
-8.172948772963291308e-02
-8.343454690667509444e-02
-7.856554585651429057e-02
-7.805766021768037466e-02
-7.580998141313588512e-02
-6.764629339871695846e-02
-6.702334644304745737e-02
-6.923631843295061095e-02
-6.121383102847157559e-02
-6.032601698435404586e-02
-5.881589393107039543e-02
-5.932759265703201057e-02
-5.549530342888826795e-02
-5.397415279509816532e-02
-5.448281075787493599e-02
-5.204977874858671832e-02
-5.085913535915181916e-02
-4.858529185395979444e-02
-4.604494672897944257e-02
-4.442582748720139835e-02
-4.192638033200769831e-02
-3.618671824741413051e-02
-3.962161512762703286e-02
-3.845644776040189200e-02
-4.032924070705070502e-02
-3.389796520668923729e-02
-3.484947722440859957e-02
-3.474549298220506316e-02
-3.210489316942441440e-02
-3.022617765406346996e-02
-3.594861857946603234e-02
-3.180448876557703114e-02
-2.983620413946350136e-02
-2.626799528559504646e-02
-2.656712142129412715e-02
-3.168053965101567948e-02
-2.965215048083483240e-02
-2.992273003899883349e-02
-2.568540821453858120e-02
-2.648469680185116387e-02
-2.476831661899823664e-02
-2.755101224769315738e-02
-2.388709403730564923e-02
-2.569486479735775403e-02
-2.473048484441455613e-02
-2.396078442164322614e-02
-2.195739877875791529e-02
-2.460961499260874707e-02
-2.668112756659125201e-02
-2.518019639063332621e-02
-2.373956927823470120e-02
-2.418244264213519762e-02
-2.512251059107781931e-02
-2.812327277928769464e-02
-2.201613739614766488e-02
-2.533641585983149522e-02
-2.207208518609287198e-02
-2.153195369289227085e-02
-2.107155815259361201e-02
-2.313958145326674987e-02
-2.098834955545714892e-02
-2.322561354313043211e-02
-2.417989821509940532e-02
-2.465650289661092814e-02
-2.548024868408019228e-02
-2.425040745562904651e-02
-2.195859486490773366e-02
-2.141618947041753346e-02
-2.498907031194133946e-02
-2.416239831684299094e-02
-2.181723420365267591e-02
-2.749398920882955080e-02
-2.303250714254530609e-02
-2.374771358804293742e-02
-2.780899700219317469e-02
-2.771956826798895740e-02
-2.339664662696168060e-02
-2.783012018130790952e-02
-2.235547141994764092e-02
-2.286839828604943919e-02
-2.215868449706901583e-02
-2.482310715605198087e-02
-2.527657370993800084e-02
-2.456173245269377414e-02
-2.699849533788198364e-02
-2.332058640260325014e-02
-2.281944713110634765e-02
-2.282754494238140031e-02
-2.633315793454979459e-02
-2.455642199868379033e-02
-2.743275243928534543e-02
-2.481742681069178807e-02
-2.521861364918127207e-02
-2.200219624140596977e-02
-2.492851314569799470e-02
-2.510124912030562913e-02
-2.560693180828937932e-02
-2.335974674889802066e-02
-2.215818764698427798e-02
-2.365054391940329265e-02
-3.095878570016726353e-02
-2.242051130406933976e-02
-2.778416371991213746e-02
-3.239196684890109645e-02
-2.517068043542094319e-02
-2.326657999429481566e-02
-2.695626576611541772e-02
-2.540520812197503281e-02
-2.900269708022006412e-02
-2.359535928837957000e-02
-2.617891332597294118e-02
-2.083897804990314864e-02
-2.422612535610319667e-02
-2.442911055731328621e-02
-2.408593865115291749e-02
-2.894519536494000872e-02
-2.506376430253724058e-02
-2.271517521074429419e-02
-2.929753669428471555e-02
-2.534374465315620412e-02
-2.326571848956029975e-02
-2.123654252703142259e-02
-2.417433159371469228e-02
-2.460633964732557299e-02
-2.757081067657888435e-02
-2.700997019524199044e-02
-2.905632043544414261e-02
-1.988468996473402584e-02
-2.527476269520949684e-02
-2.599626168841357929e-02
-2.035455618281847151e-02
-2.896348877224214080e-02
-2.691663611078100662e-02
-2.882324656280356098e-02
-2.474215399929451456e-02
-2.698050988038927511e-02
-2.379656944929355381e-02
-2.121292747422683783e-02
-2.381791932640401482e-02
-2.275806667874746489e-02
-2.415456254377820050e-02
-2.156381200853930979e-02
-2.260673747209002160e-02
-1.992764899876867807e-02
-2.153505674865670988e-02
-2.679752943026237483e-02
-2.626905002181537108e-02
-2.282194515416057987e-02
-2.337539165888889714e-02
-2.354502679187751510e-02
-2.433497189757335283e-02
-2.343640706124593479e-02
-2.644268110106791012e-02
-2.223516943907808546e-02
-2.168930064802148880e-02
-2.095962404565128792e-02
-2.279637727526651406e-02
-2.118058373873684883e-02
-1.589377025261189472e-02
-2.153414701374676762e-02
-2.015356398871478300e-02
-2.273309502004517563e-02
-2.198767857972463297e-02
-1.606053142430872993e-02
-1.492684144433342741e-02
-1.706009858626635414e-02
-2.072149378435708331e-02
-1.887225919639045485e-02
-2.272199120604981998e-02
-1.651169554031043513e-02
-1.484555554100963973e-02
-1.800710052130293296e-02
-1.493000963820211892e-02
-1.603553140995161996e-02
-1.551353962216817095e-02
-1.567617896641913464e-02
-1.379405750037446775e-02
-1.114602928769831136e-02
-1.843807576527397435e-02
-1.197016509725186417e-02
-9.095681464414185485e-03
-1.384840084790743553e-02
-1.436635889905473265e-02
-1.734252199921112320e-02
-1.310281921985866939e-02
-1.565441844074061742e-02
-1.750768251978490272e-02
-1.639312087922056155e-02
-1.550241772466984767e-02
-1.653917532348384706e-02
-1.105522944030755579e-02
-8.960609916472888486e-03
-1.106157113347542263e-02
-1.296379124837591934e-02
-1.015507938018672673e-02
-9.952651396525284688e-03
-1.337436339473547717e-02
-7.042281130202892800e-03
-8.656121308194073688e-03
-1.101653164750501443e-02
-1.399715527500591458e-02
-1.008019346738260255e-02
-3.023234413747767028e-03
-4.378846441977193166e-03
-9.819029695097767491e-03
-9.943653813930289700e-03
-1.381279082094157354e-02
-6.902647269058484296e-03
-8.923099673434384954e-03
-6.232111194161638404e-03
-1.089395933929146118e-02
-3.768332940795726584e-03
-7.832958580238805896e-03
-5.602615469961070085e-03
-8.910151798504222648e-03
-7.957603153300801466e-03
-7.635065537043558836e-03
-6.505695504173051973e-03
-9.821811773224329786e-03
-1.088518864782832621e-02
-6.948485346925860340e-03
-8.455522344526416115e-03
-7.366539848841497165e-03
-1.119978451264277280e-02
-7.818248790182304869e-03
-5.027205664815241788e-03
-1.309679679314238940e-02
-1.221365120211114744e-04
-6.258000542863057999e-03
-7.756226016972939293e-03
-4.251542473169393939e-03
-5.315005180505131925e-03
-9.773646672976057242e-03
-9.947142859233931364e-03
-5.640224367188370960e-03
-7.856794228471518024e-03
-4.230319130783666629e-03
-5.881899717913497208e-03
5.703938456759682571e-04
-8.471345853196848158e-03
-1.273608088766659506e-02
-1.242566255417705285e-03
-4.959103675560823724e-04
-8.273255833125211806e-04
-1.012859158688262469e-03
7.197319092394500453e-04
-5.022206695308953188e-03
-7.051177843071018865e-03
-3.057003922763572128e-03
2.147383568791297586e-03
-2.537449777417934930e-03
-3.225611632343489826e-03
-6.567006888144731602e-03
-8.960655329717263570e-04
-4.993879587583257770e-03
-4.979948525130407574e-03
2.888586197008906429e-03
-5.654530773920804672e-03
-2.275093905847866936e-03
-3.467647572842865508e-03
-2.980786775290932607e-03
-1.571361393742343269e-03
-2.501879832279993009e-03
1.979882725908758859e-04
-3.234314970341533538e-03
-2.196535131797713696e-03
-4.696667644029275078e-03
-1.739806474049779240e-03
-2.494833809338635293e-03
-1.768291317105488746e-03
-4.100271594125815336e-03
-2.775199614205555235e-03
-5.775286011670620334e-03
-2.905603243854855237e-03
-3.129490813806519965e-03
-1.706975642049506341e-03
-5.312868723857841827e-03
-1.789965442416121448e-03
-1.271300272593025736e-04
-5.682462861093745023e-03
-7.583901720848035440e-03
-4.523777192504838986e-03
-7.424697283453707188e-04
-6.932745244717031068e-03
-1.689546301440230953e-03
2.096845429795906723e-04
-5.055202561165641692e-03
-3.694551322618912833e-03
1.557369862819929398e-04
-6.702926941288682092e-03
-8.063561395626283809e-03
-3.216689593623263399e-03
-2.103876168130464595e-03
-7.409074113413877116e-03
3.169740944977542715e-03
-1.078930988709153691e-03
-8.135588766848748585e-03
-7.109459786322501300e-03
-9.861367527310841482e-04
-7.065763342140390750e-03
-3.160301204737927909e-03
-8.946771822634768528e-03
-4.268262998837285549e-03
-5.199087514984275299e-04
-6.358316109497606436e-03
-3.754601386503694706e-03
-1.700858269429915415e-03
-5.371366854362421769e-03
-7.465687049184438137e-03
-9.815425914329368312e-03
-3.952381029031473009e-03
-4.030516983209900261e-03
-5.483486563787440433e-03
-3.995701482151555600e-03
-5.144602429155361277e-03
-6.754559082037392762e-03
-1.007049275402362165e-02
-4.747418962167784459e-03
-2.904340404235601636e-03
-7.896492270232790753e-03
-3.917439485931017637e-03
-2.482016235689997984e-03
-3.278149677617776727e-03
-6.938369957099231253e-03
-1.420847781910826273e-03
-4.549308591748927807e-03
-5.511126520552073541e-03
-5.501912945985380603e-03
-3.379468017873581143e-03
-3.286250924049570477e-03
-4.175644139361280385e-03
-8.956233295700917821e-03
-9.296919883428162931e-03
-6.130022769104860256e-03
-8.804284364765140730e-03
-3.775521883987199845e-03
-4.470103660639344022e-03
-1.110942586336272596e-02
-9.847354852695120245e-03
-1.061663168979031825e-02
-6.130922564019643944e-03
-1.252711917378809825e-02
-1.181823166521055180e-02
-8.631921718798118981e-03
-6.967241700059943928e-03
-1.038335068808382035e-02
-1.095644146087173393e-02
-7.089690108225426939e-03
-7.220414264733373763e-03
-1.008194830013553825e-02
-6.045123482471794624e-03
-9.711650325052462868e-03
-8.962450198451205399e-03
-7.340663375085908389e-03
-7.578874191699574818e-03
-9.171854763975901756e-03
-1.060893976632018045e-02
-6.887522175380983262e-03
-3.659235474066063580e-03
-5.772252904408656758e-03
-1.009577204939040782e-02
-7.606248274886132435e-03
-1.301963635054623203e-02
-1.126525892239080284e-02
-6.363553657927281323e-03
-7.050807414219277883e-03
-1.168298734742801229e-02
-1.101437103238885572e-02
-9.780892387047565237e-03
-5.075528410552554784e-03
-9.903053464682952042e-03
-9.265489232171898043e-03
-6.337454092301274440e-03
-5.305957560486556507e-03
-9.496596149664037617e-03
-7.403530294042881370e-03
-9.067716647787840700e-03
-1.313105252163533979e-02
-1.381000493529146653e-02
-1.102213943161012982e-02
-9.301747232484079697e-03
-2.671084511618469597e-03
-8.014991943055060214e-03
-5.686900058559119300e-03
-5.929617638607393403e-03
-1.177575519238714848e-02
-8.816563378710054119e-03
-1.192736486164984976e-02
-8.434990082616503765e-03
-8.187096241395717261e-03
-1.135494557442626520e-02
-1.165883154317741074e-02
-8.941343587800196571e-03
-1.163554085236777683e-02
-1.080687762507802178e-02
-8.634471934174344984e-03
-7.184592735354748509e-03
-1.202209917720776546e-02
-9.576502959686788996e-03
-1.208460883603673132e-02
-1.271312441804061354e-02
-2.486767884555004735e-03
-1.131339079354680074e-02
-6.439524252509454608e-03
-6.705649920381489930e-03
-1.150462821339998630e-02
-7.555698046754467934e-03
-9.757333227473408144e-03
-1.451044479752853014e-02
-3.668879131242292098e-03
-8.357793264865192792e-03
-9.900726403110089030e-03
-1.141737473794653297e-02
-1.301789379347950172e-02
-9.788968907517178047e-03
-9.926001227769676652e-03
-6.926662915940061740e-03
-1.041814168736993583e-02
-1.305834079497166476e-02
-9.048317061374849812e-03
-1.123714034855670396e-02
-1.449758102998336719e-02
-9.666859460120781622e-03
-6.954952535115915477e-03
-6.150848120089659130e-03
-9.205345481929593648e-03
-1.009815718875627967e-02
-1.011329628614766538e-02
-1.055908621172158175e-02
-1.217078054688169875e-02
-8.908563405385620457e-03
-9.728408017453447562e-03
-6.891103439357240679e-03
-9.033944274545801373e-03
-6.392899319406962315e-03
-1.148380026654869691e-02
-3.176352906817691592e-03
-1.002531895794697703e-02
-6.313219904602811183e-03
-1.241097324439261775e-02
-9.114426594270976303e-03
-6.694621317637794097e-03
-1.357824637765371947e-02
-1.180212969797958707e-02
-1.420464392602329221e-02
-1.065119862247438862e-02
-1.200876394093762858e-02
-7.509322300929416501e-03
-8.095014409392958105e-03
-1.161787193231436296e-02
-1.126673737998670245e-02
-9.922407799782364743e-03
-1.518843704537684892e-02
-1.476097836191867310e-02
-1.065191949911803090e-02
-8.797639546685276368e-03
-7.846983469807170680e-03
-9.772691443602123801e-03
-8.739673092043683325e-03
-4.737751431371646851e-03
-1.093209720183138840e-02
-1.367480576236141873e-02
-8.305479642393375633e-03
-1.075578105875883532e-02
-1.682334491462384243e-02
-1.129993149467373517e-02
-1.229643911494757505e-02
-1.218627667470158563e-02
-8.343958670290417198e-03
-5.807703804167835618e-03
-8.651854039333592428e-03
-1.230657270169933752e-02
-1.158987712497133900e-02
-8.698059696369841304e-03
-1.076998948034713424e-02
-1.485850421598075219e-02
-1.124487076488044426e-02
-1.245189951420161076e-02
-5.950230096041320658e-03
-1.117515750354101944e-02
-1.052434237167039141e-02
-1.117084107560164033e-02
-1.270316156400101357e-02
-1.355657932722403522e-02
-1.110436634617533239e-02
-8.358784768073074939e-03
-1.475546109004064951e-02
-1.662681612976644324e-02
-1.128726960248541654e-02
-1.239332979272440155e-02
-1.144817979807243209e-02
-5.092857393834764393e-03
-1.403427208443292287e-02
-1.451811300419771078e-02
-7.855995762210653266e-03
-1.661543179573406886e-02
-1.242421165917068776e-02
-1.190847631065088119e-02
-9.419406279671870691e-03
-9.869185762669149126e-03
-1.143804903241827861e-02
-1.131628821318248976e-02
-8.688615576848348829e-03
-1.175484666970228950e-02
-1.181505751210119685e-02
-1.356427688761238301e-02
-1.118268115051738835e-02
-2.009403275956134216e-02
-1.398464441042797379e-02
-1.254145106317922954e-02
-1.262120670717911154e-02
-1.459923104917387228e-02
-1.021214932234159461e-02
-1.391964431443625493e-02
-9.975540713614970689e-03
-1.899112471117870779e-02
-1.607292584157795495e-02
-1.520524258221111688e-02
-1.101447879409520568e-02
-1.454618623719022841e-02
-1.903740368251233619e-02
-1.646889008237730628e-02
-1.307124462141309208e-02
-1.263129732938715957e-02
-1.778835143809123776e-02
-1.795069545681577533e-02
-1.587490424536276007e-02
-1.494772687311459770e-02
-2.238474359462633984e-02
-1.582799730433234742e-02
-1.720056892441316349e-02
-1.912763995741598860e-02
-1.847630465469571326e-02
-1.580301855477340284e-02
-2.231424820260199948e-02
-2.200697102060929916e-02
-1.709856213334290734e-02
-1.841149563371124315e-02
-2.429890210705857798e-02
-1.843638115285862675e-02
-2.426264925949177947e-02
-2.220637970896286242e-02
-2.138896693434424665e-02
-2.509338261883446025e-02
-1.968326541551800382e-02
-2.230590038889818799e-02
-2.295706872431854673e-02
-2.069493363803960942e-02
-2.052842998926424772e-02
-2.773296949645729856e-02
-2.182402223953187198e-02
-2.475702279576949549e-02
-2.659794093523864048e-02
-2.644256361444383835e-02
-2.642233753603866545e-02
-3.059312747857902484e-02
-2.280005549146327248e-02
-2.553344370568435412e-02
-2.840642255003349506e-02
-3.126535671720962611e-02
-2.803922766056102939e-02
-3.012837234866356725e-02
-3.068786002580384253e-02
-3.197682433832053223e-02
-3.046300343620348544e-02
-3.046349867565974895e-02
-2.921975713250468676e-02
-3.200816561105050001e-02
-2.978606028480708032e-02
-3.194493648274464304e-02
-3.187467265150571022e-02
-3.013472156035190697e-02
-3.268645022854292648e-02
-3.400096735283887617e-02
-3.540921131465322308e-02
-3.241818789360749464e-02
-3.607647297663477137e-02
-3.559040469778360777e-02
-3.776568973498999060e-02
-3.892252843367485088e-02
-3.650018924202424325e-02
-3.466425307248897913e-02
-3.659846097800716763e-02
-3.821053873084233332e-02
-4.009855281973489366e-02
-3.733105831232699096e-02
-4.064917690681702639e-02
-4.277628018240185737e-02
-4.604162476592112835e-02
-4.439354634705085234e-02
-4.385095168718747272e-02
-3.845210092953791486e-02
-4.687640657132206151e-02
-4.626021435252122144e-02
-4.392980203560427344e-02
-4.616505664145289373e-02
-4.667168476387929116e-02
-4.860754908631753635e-02
-4.156732859883861125e-02
-4.660199200084631788e-02
-4.659915222335778845e-02
-4.755601863921426337e-02
-4.824950296325462851e-02
-4.722536365687057119e-02
-4.747629188571009934e-02
-4.950728233522176669e-02
-5.231367695987585581e-02
-4.730779967080019771e-02
-4.423380199136330015e-02
-5.535104392486482616e-02
-5.257063026741386202e-02
-4.665970240538836605e-02
-4.917410487191474500e-02
-5.471784566591281207e-02
-4.844470009559875140e-02
-4.857570096461825970e-02
-4.963294089730775627e-02
-5.257021117730544674e-02
-5.792876768757070083e-02
-4.970894443954700093e-02
-5.091976955822319351e-02
-5.025626138763975709e-02
-5.191117668416302122e-02
-5.478303668523083758e-02
-5.196797980895209029e-02
-5.654581601678866642e-02
-5.673937139164723920e-02
-5.432766870920576613e-02
-5.354683814623843047e-02
-5.561266447647689182e-02
-5.621777182780579585e-02
-5.564205946837236239e-02
-5.461882389096674173e-02
-5.665799089130726246e-02
-5.168140640434369659e-02
-5.668659325873694893e-02
-5.425071255031527206e-02
-5.795249989568607152e-02
-5.449298651722709469e-02
-5.582515894446967580e-02
-5.440523089717870520e-02
-5.476066466187853171e-02
-5.541575342021680395e-02
-5.805292906470136544e-02
-5.088625551114602658e-02
-5.425044508516078945e-02
-5.770812316682303461e-02
-5.531683227315802032e-02
-5.588052885013520404e-02
-5.863532081921505462e-02
-5.539254978039874489e-02
-5.162950310992743541e-02
-5.524445022914765968e-02
-5.761353586845639058e-02
-5.118553412647005446e-02
-5.385940767574396576e-02
-5.361568910084681117e-02
-5.463602441413575178e-02
-5.701536913619474622e-02
-5.468064918720925982e-02
-5.344180635752487918e-02
-5.114724163280408298e-02
-5.340161763159436553e-02
-5.654178490071826158e-02
-5.617302368225086939e-02
-5.612312743696432765e-02
-5.023189175086432284e-02
-5.115323800619573508e-02
-5.168067772266243809e-02
-5.204667823304823943e-02
-5.040649030539233466e-02
-5.234608785262297170e-02
-5.224333906093737989e-02
-4.998391463150164693e-02
-5.106467117427115898e-02
-5.203335276567411238e-02
-4.392111451243226050e-02
-5.237147515635891259e-02
-4.674650611567617020e-02
-4.706048090841458142e-02
-5.059985589243685272e-02
-5.012102211186138245e-02
-5.221002209501381108e-02
-4.876476284872981182e-02
-4.633270506889659857e-02
-4.764573092443933483e-02
-4.604018905988317700e-02
-4.403042572307606928e-02
-4.640882722234748736e-02
-4.269016210991858490e-02
-4.189199615536819132e-02
-4.334122662030472084e-02
-4.301638762047811648e-02
-4.372049675907919986e-02
-4.554192443827785597e-02
-3.899876840216084245e-02
-4.093960263514705156e-02
-4.197916891429647607e-02
-4.390977492597594734e-02
-4.059271298959842011e-02
-4.104647614992625038e-02
-3.779409008508506640e-02
-3.887357339606977574e-02
-3.783099053358664199e-02
-4.081083833900135682e-02
-3.742539236037907557e-02
-3.484364795359622125e-02
-4.080250278860740598e-02
-3.619300996506132767e-02
-3.615806072047456077e-02
-3.649837821232608526e-02
-3.453694358344290560e-02
-3.842950947466010347e-02
-3.630283310711661382e-02
-3.386951981076889717e-02
-3.335711720970925553e-02
-3.428827979590019087e-02
-3.614910143034599788e-02
-3.104352297129128052e-02
-3.197573236187698648e-02
-3.053285291697893644e-02
-2.852254081541811745e-02
-2.880855180989794206e-02
-2.522274152677265666e-02
-2.674271035439754196e-02
-3.024361355424094039e-02
-3.083319564523782225e-02
-3.020164800946303907e-02
-2.798723047121638025e-02
-2.850549483401015882e-02
-2.828556989494487861e-02
-2.364765219326133566e-02
-2.849726399086334114e-02
-2.539178265113774605e-02
-2.582144300664575634e-02
-2.450019067639812656e-02
-2.494834027235574847e-02
-2.719139602290851498e-02
-2.219910559118760257e-02
-1.960824850016419305e-02
-2.289398991127484378e-02
-2.172155521100957443e-02
-2.486861554497029822e-02
-2.282626331473205233e-02
-2.427074508343771142e-02
-2.163358586479740067e-02
-2.152686464968411872e-02
-2.028186760122698690e-02
-2.234607499144206783e-02
-2.478459268196252230e-02
-2.219998562116445862e-02
-1.866114084338526755e-02
-1.881380170343440600e-02
-2.006885268140195383e-02
-2.057502802302020595e-02
-1.432099893008096161e-02
-1.813567423678083199e-02
-1.655884725444243394e-02
-2.132351946453675540e-02
-1.972251483768218752e-02
-1.818006230141358190e-02
-1.754387639157167431e-02
-1.800251523549274354e-02
-1.824757863142862507e-02
-1.864704267662185139e-02
-1.616365229616063132e-02
-1.630191924367006481e-02
-1.066602889746667490e-02
-1.296378841806916302e-02
-1.459779299436753976e-02
-1.585991034270163580e-02
-1.482494646738858821e-02
-1.689437109760494327e-02
-1.187271960394335052e-02
-1.476840045261834655e-02
-1.338480985533531745e-02
-1.032960142504060416e-02
-1.233373894807388536e-02
-1.422677855655130053e-02
-1.053977486503252133e-02
-1.240921349141190823e-02
-1.169509502675394018e-02
-1.723445440536196943e-02
-1.498394694710186714e-02
-9.583850246209078827e-03
-1.193730604976920087e-02
-1.004915898502660269e-02
-1.413922325112836054e-02
-7.638255230432081447e-03
-1.305200111708096702e-02
-1.528407139688286662e-02
-8.385718196151508569e-03
-1.174921468987451603e-02
-1.500431181424072627e-02
-1.008421260058811088e-02
-9.045303715339592446e-03
-5.784777337931902574e-03
-1.165469708919493301e-02
-4.844987495440927251e-03
-1.204202698324001973e-02
-1.261474805306186595e-02
-8.001963268816400521e-03
-1.106956451894466724e-02
-1.336670819892384413e-02
-8.836162168522256749e-03
-1.102702911048750872e-02
-1.354642628501909543e-02
-9.910365780950856907e-03
-9.759083435064477494e-03
-1.039322495924809714e-02
-1.113396469502285144e-02
-1.075764888842715983e-02
-1.083311411227461107e-02
-1.092627772424458257e-02
-9.135411139933009156e-03
-7.751553504437851301e-03
-1.202941706495546000e-02
-8.729682504758726896e-03
-9.742942955543265268e-03
-8.162905502493558729e-03
-7.540926496232903606e-03
-7.415735946504156857e-03
-1.024295345914484970e-02
-7.746687492506061472e-03
-6.874658026521852927e-03
-1.340942886926913512e-02
-9.801593605723999542e-03
-9.393869045443044297e-03
-1.062953789248126737e-02
-8.094929290298249688e-03
-1.277702690192792680e-02
-1.191360971181167246e-02
-1.135723865601842922e-02
-9.195357482969224866e-03
-8.901408889052810081e-03
-1.026370963986557132e-02
-9.305362786503571654e-03
-1.090188355475529489e-02
-6.897365779187989224e-03
-1.168667746170163994e-02
-1.343266206447616372e-02
-1.038319536693605230e-02
-1.123869150159456307e-02
-1.187120501527094175e-02
-9.062412413033123920e-03
-1.042702639215956940e-02
-1.210412466272106115e-02
-1.003096176314865334e-02
-9.219773696368954372e-03
-1.027180978062804464e-02
-9.090312437920907568e-03
-1.025811833494687762e-02
-1.186483070438880405e-02
-1.093818903281975306e-02
-9.554211416596901027e-03
-1.491707446190941935e-02
-1.282645698227545192e-02
-1.022408815857729636e-02
-1.040510903187368691e-02
-1.229059078194450969e-02
-8.413923758892542792e-03
-1.088531101290534861e-02
-1.198954980789874482e-02
-1.033777426514015732e-02
-4.875277323269190839e-03
-9.637410042087957152e-03
-1.338216749591350507e-02
-1.147046852258966874e-02
-9.640821107421928063e-03
-1.289828797433698396e-02
-1.101411389850773595e-02
-8.195538196191072544e-03
-7.913610346236660611e-03
-9.684115746126566865e-03
-8.679541783008030628e-03
-1.044994300105779074e-02
-1.238453296039524962e-02
-1.230078839760646511e-02
-1.012737214819127950e-02
-7.716881017047895301e-03
-1.013053207690517779e-02
-1.395802687451815072e-02
-1.125983025098076587e-02
-1.094952631304237436e-02
-1.298188457108280514e-02
-7.724500786488339328e-03
-6.471366587939786363e-03
-1.109085695887863585e-02
-1.151348682883373761e-02
-8.227789729546365269e-03
-1.144358924940629303e-02
-1.078692423956064197e-02
-1.070629205931884417e-02
-8.626527915233959953e-03
-6.213817779465591849e-03
-1.214758047503729579e-02
-8.005351801807978479e-03
-1.083052719482157332e-02
-1.039131199479605659e-02
-1.003149750154986100e-02
-1.441182773593707375e-02
-5.099196827978641662e-03
-8.377112071053186698e-03
-1.342456230399457009e-02
-7.038412327828126591e-03
-1.104911616553906455e-02
-1.286320581326693378e-02
-9.843411996927255853e-03
-7.372384165206804889e-03
-8.418442919822461193e-03
-7.131174913990357897e-03
-1.225320001980064258e-02
-9.365554951538689749e-03
-1.635918771494938168e-02
-7.470117820096179410e-03
-7.766708454775496547e-03
-1.481278454456281569e-02
-8.011352105282334296e-03
-1.169673945187098621e-02
-1.195101650810821356e-02
-1.575817272081338899e-02
-1.312398489521141541e-02
-1.003420777724965338e-02
-8.354065254531303081e-03
-9.358711513742909785e-03
