# spin correlation
-3.491375372997305715e-01
-3.457479553753993740e-01
-3.484507227735724744e-01
-3.488912002518687050e-01
-3.517525513975985341e-01
-3.486551196239648376e-01
-3.465161567188040914e-01
-3.460691636834088980e-01
-3.455062696179328485e-01
-3.412683592890344841e-01
-3.400705607359845173e-01
-3.382122509263899568e-01
-3.349697680154378743e-01
-3.325192531021388676e-01
-3.269209278528034668e-01
-3.204574090539689668e-01
-3.179708106669011936e-01
-3.193111407144439973e-01
-3.180100685809610361e-01
-3.157144870198003161e-01
-3.119331241910981989e-01
-3.042827371430794625e-01
-3.029206514730702904e-01
-3.002743253622473518e-01
-2.943177797732086098e-01
-2.882517623250364647e-01
-2.843595105886199681e-01
-2.805222448573658212e-01
-2.763706817178878672e-01
-2.731389271035529753e-01
-2.673489872721144245e-01
-2.632927070163327277e-01
-2.573842895144665688e-01
-2.553657189230123525e-01
-2.509789214627317078e-01
-2.419975167860788923e-01
-2.395540584467287792e-01
-2.334153071098518661e-01
-2.315338819336712761e-01
-2.233018999368047430e-01
-2.200361521257781783e-01
-2.178609435055265386e-01
-2.071729506284785971e-01
-2.047548064871846374e-01
-2.010085685173234327e-01
-1.902392892943215452e-01
-1.910267740990555518e-01
-1.834812599647852038e-01
-1.779507179039669928e-01
-1.762133426326842056e-01
-1.677041395861492423e-01
-1.657746189873462728e-01
-1.602187747496927606e-01
-1.574257266429891500e-01
-1.506474222116814532e-01
-1.479840562810632587e-01
-1.411379659479012338e-01
-1.392538370430451700e-01
-1.343917766830438620e-01
-1.326650507058936557e-01
-1.263275438087165248e-01
-1.197964385727863235e-01
-1.188281426415760400e-01
-1.107975086926824976e-01
-1.101321212566239299e-01
-1.092842681864957533e-01
-1.003042755729590257e-01
-1.000517559216027863e-01
-9.573375911281213624e-02
-9.042134973191844061e-02
-8.931843856054669240e-02
-8.713374571709386895e-02
-8.378153058347330429e-02
-8.060429408846776778e-02
-7.913746183575567916e-02
-7.566511067149575553e-02
-7.108988516842447425e-02
-7.081746957579022894e-02
-6.903935400654279131e-02
-6.356267483478669766e-02
-6.206112058206639942e-02
-6.470912574198708911e-02
-6.039049564351860189e-02
-5.869642940200534703e-02
-5.464952434033441137e-02
-5.398201346348231733e-02
-4.614060514475385594e-02
-4.464749556970477873e-02
-4.557584072438548850e-02
-4.385408942109701030e-02
-4.344219971806774494e-02
-4.024975318579502442e-02
-3.832790387303551538e-02
-4.044432181890825206e-02
-3.748602624240739145e-02
-3.782250403588069410e-02
-3.250973061221919258e-02
-2.910617332463555362e-02
-3.273518604340819316e-02
-3.530620293886010258e-02
-2.881450181968340379e-02
-3.042114910863246216e-02
-2.668605948288948343e-02
-2.810325075270509593e-02
-2.783548066499945753e-02
-2.756311100682365400e-02
-2.844138660699122717e-02
-2.906651768742447156e-02
-2.440082942132121985e-02
-2.327385660326306699e-02
-2.302149684562682444e-02
-2.246316837900756008e-02
-2.590714396155009008e-02
-2.026240657031884093e-02
-2.302578175584295284e-02
-1.939690771144059883e-02
-1.904422282052815191e-02
-1.697480113771093063e-02
-2.083711369463872240e-02
-1.705947067754964852e-02
-2.181037485466687589e-02
-1.630221480556557495e-02
-1.750702295041652035e-02
-1.385802121601231729e-02
-1.511829425336139177e-02
-1.500163744545373809e-02
-1.284281143223158297e-02
-1.785229731928043503e-02
-1.619833171302647104e-02
-1.818864409709883626e-02
-1.845871230744609848e-02
-1.992623171841517715e-02
-1.889879764180922225e-02
-1.484568822290233993e-02
-1.186938659754734060e-02
-1.369816975870859210e-02
-1.669360798697125392e-02
-8.837278353144524534e-03
-1.393610169034326628e-02
-1.549560879789823632e-02
-1.467307969602520482e-02
-1.504971166101510757e-02
-1.495682392589449752e-02
-1.175993735422157550e-02
-1.199069595264578778e-02
-1.418453967378781322e-02
-9.084987883065293729e-03
-1.260954954994164892e-02
-1.344872159079426102e-02
-1.137352534772914474e-02
-7.983526149525844301e-03
-1.420769524782538630e-02
-1.001561145039973552e-02
-9.135775492306943968e-03
-8.978214009024501618e-03
-9.509425310259177894e-03
-8.121232159030442391e-03
-1.366943731894200778e-02
-1.225766036425372622e-02
-1.309981692897562930e-02
-1.599335701234919777e-02
-1.421693915598127092e-02
-1.346451865368505051e-02
-9.374908247795724417e-03
-1.194506227930768917e-02
-1.420675195867796871e-02
-1.351046239346787893e-02
-1.417597443637429525e-02
-1.894370319001096800e-02
-1.525688092099142246e-02
-1.577201624638320185e-02
-1.654068922108511627e-02
-1.506743725951152288e-02
-1.628570089642270707e-02
-1.518107437274894903e-02
-1.615812894123375837e-02
-1.756828525890299919e-02
-1.591439747923205014e-02
-1.254752985752002024e-02
-1.481417519413400462e-02
-1.162966780812180537e-02
-7.811586155566129126e-03
-1.115848731180184815e-02
-1.121278112208609276e-02
-1.239227092851902419e-02
-1.273436912247090901e-02
-1.193244612055583548e-02
-1.797669086536010652e-02
-1.337563025253054629e-02
-1.682355696855697066e-02
-9.828227580836512711e-03
-1.279217093205248235e-02
-1.442993638333002829e-02
-1.657444404958521161e-02
-1.723055125360186540e-02
-1.824615160976636799e-02
-1.428186704390837537e-02
-1.389478883253005524e-02
-1.496862932445805483e-02
-1.567361895207963762e-02
-1.421787185852706539e-02
-1.743702563476565159e-02
-1.008768459225462683e-02
-1.054400491436699103e-02
-1.291832596733983804e-02
-1.151694942345874578e-02
-9.855805515358261742e-03
-1.485654187339682450e-02
-1.190023677181646644e-02
-1.121231774823666476e-02
-8.882361776598542494e-03
-7.970655728709757568e-03
-1.269584962396158589e-02
-8.500157530872545081e-03
-1.064157761525288091e-02
-1.119420151151766414e-02
-1.289271707455577273e-02
-1.203275454642694850e-02
-8.233938071822235333e-03
-6.489996187937890557e-03
-1.241455743531235702e-02
-1.405514391462194326e-02
-1.372430280192395505e-02
-1.163002039814781639e-02
-1.444845996800976987e-02
-8.189754680209177656e-03
-7.470797132478052341e-03
-8.487692067113639105e-03
-8.656035709834032990e-03
-7.988825123904561704e-03
-8.509318741767519026e-03
-3.787216438094614338e-03
-1.396705922431445111e-02
-9.821151433658760130e-03
-1.800207174099180060e-02
-1.404573785202210302e-02
-1.335597500709227205e-02
-1.583879141084635483e-02
-1.013918462024734207e-02
-1.591723204296800406e-02
-1.443517180016174947e-02
-9.259554935732192821e-03
-1.287004585687360168e-02
-1.018773725974290480e-02
-9.519082535988813987e-03
-9.550094204403062476e-03
-1.074353592027041046e-02
-6.954033616636439048e-03
-4.537922654576454461e-03
-5.406383408629786974e-03
-5.631442500927826521e-03
-1.029083091765566060e-02
-1.157775684653420192e-02
-1.037474809432502483e-02
-1.577312874500228987e-02
-1.192624390629927131e-02
-1.215947475488527926e-02
-8.649388832443032082e-03
-1.376430039252646287e-02
-7.653106097153678129e-03
-2.870375431989593499e-03
-6.069142058343687113e-03
-2.286874536891005116e-03
-2.046652967461807214e-03
-8.477685962941601885e-03
-3.535251992927178517e-03
-6.879068095637523410e-03
-2.607085728095081059e-03
-2.064336554520749580e-03
4.102736224842525731e-04
3.920843027873611650e-03
-3.624100993010893022e-03
-1.079000895695589194e-03
-1.408047832306088360e-03
-5.924652148998949333e-03
-6.155932814649935428e-03
-1.404302129922287406e-03
9.009610549194514012e-04
-1.854963253507631391e-03
-4.167353035988266346e-04
-8.504486921281858430e-03
-6.255754648418425379e-03
-5.349751674302587537e-03
-6.198166829914494511e-04
-2.221077446199967286e-03
-2.637660966782370310e-03
-2.820596548523647377e-03
1.696396970112677011e-03
2.134486925101338525e-03
-4.091242910279378926e-03
-5.089754256506793390e-03
-4.669934824367798568e-03
-1.478996374716511509e-03
-4.879767845446277355e-03
-7.434590226743026734e-03
-7.255864674688269553e-03
-1.442250029718187762e-02
-6.062028438656905625e-03
-1.152342937928190272e-02
-1.023739615227344142e-02
-8.255455648869220592e-03
-7.593317879920716620e-03
-7.791629507344533141e-03
-3.016479235105880372e-03
-2.160882410610786186e-04
-1.334213784016407460e-03
-8.208164669955027651e-03
-6.878062217579442202e-03
-1.200082787579327334e-02
-6.073488645035570246e-03
-5.754706837098168618e-03
-2.802607786896583845e-03
-1.078757418018258876e-02
-2.651385046480872563e-03
4.919969437526591213e-05
-2.599010343471027783e-03
2.564059601761368209e-03
-3.706771992627037188e-03
-6.428142977433476575e-03
-2.994531995821052717e-03
-5.758129534481674916e-03
-5.341922142960780183e-03
-5.500477279134279203e-03
5.020607845654249165e-04
1.178771634845268050e-03
1.475569812779749680e-03
6.822469410348902703e-03
4.933433349830796148e-04
-1.643243502110956506e-03
-8.263216327898604413e-03
-6.990388587714055531e-03
-6.078007387243324067e-03
-1.935824978552014210e-03
-4.405417927047532503e-03
-2.106565621067349372e-03
-7.327705814192838046e-04
-4.343266648521339202e-04
2.543463356785653252e-03
1.519918398965451915e-03
-5.706437825981057824e-03
2.943252359621185629e-04
-5.818784180432539158e-03
-8.872981336715043271e-03
-1.436812076507377502e-02
-4.303360501394358321e-03
-1.539338342881260398e-03
3.520225192834983748e-03
2.330180051878218085e-04
-7.252795301415151767e-03
-5.522021303806176618e-03
-7.040988482280910281e-03
-5.421211931707388756e-03
-7.656719961342199187e-04
-1.041406401455859630e-02
-6.326959778925804120e-03
-9.943734083371506827e-03
-1.226835262399796934e-02
-7.579101345029866203e-03
-5.718340530424747235e-03
-7.875064178613375154e-03
-4.843452176408873447e-03
-3.590985264683956707e-03
-4.591986102314969155e-03
-5.149765898928538102e-03
-1.544982317668508465e-02
-6.567853342901203324e-03
-7.715870617158002327e-03
-7.308391731447089548e-03
-2.070054333526318967e-03
-9.337973582821946367e-03
-8.536901841637663593e-03
-6.330928878984639838e-03
-1.131736204902788687e-02
-7.813100948592558576e-03
-9.330276693522899026e-03
-9.777030084910744157e-03
-1.104398105525165527e-02
-7.219311810506607967e-03
-1.105968363039561489e-02
-1.082778934670726098e-02
-1.021993940049346385e-02
-7.868396253394308731e-03
-1.797670932049120693e-02
-1.060067997296640883e-02
-1.544645914158749786e-02
-7.548831595025076724e-03
-7.915653929898252075e-03
-3.166786432336843402e-03
-1.809987470791998843e-02
-2.304447392760206048e-02
-9.159150750201064048e-03
-4.143111347826794813e-03
-9.914873753985042198e-03
-1.072105896009873868e-02
-7.652400150988758129e-03
-1.972166157882370568e-02
-6.734487301285421897e-03
-3.400469267463882787e-03
-3.980569103777577451e-03
-6.406597392878710454e-03
-5.914335120759126388e-03
-1.039041521140890434e-02
-7.191487711152905540e-03
-9.643292883005154595e-03
-1.121040734567467501e-02
-5.135837202807114719e-03
-1.096574186812548750e-02
-1.049920414639375285e-02
-5.582107590286981402e-04
-5.310042013705120433e-03
-2.375936314411930018e-03
-3.925847125607820690e-03
-2.827517740697557853e-03
-1.145038711504833481e-02
-1.200152406563556942e-02
-1.770536691253666445e-02
-1.356250387474844908e-02
-1.349502621622266155e-02
-1.219360232546622472e-02
-1.383372620853994331e-02
-9.641257392304092289e-03
-4.895258696340072831e-03
-1.522745841226230343e-02
-1.336418080087790894e-02
-7.778961308726741256e-03
-1.223525436151274778e-02
-2.391133382416363046e-03
-2.834966244086156847e-04
-5.645769524215674476e-03
-9.527428815402064557e-03
-1.186375526968653019e-02
-3.035474006993884016e-03
-1.007551411109147699e-02
-1.487683030577208187e-02
-1.688848414786960767e-02
-1.880203885705379694e-03
-9.153920886576863425e-03
-4.820732167816229111e-03
-1.733790785369028822e-02
-1.142866145552265747e-02
-1.332312954424043697e-02
-1.663433037496188371e-02
-1.646595820421311446e-02
-1.374639948069540651e-02
-7.563171639111158570e-03
-5.713592585560567025e-03
-2.500021187345453227e-03
-1.496262410150908662e-02
-2.207651887840582708e-02
-4.199774501558302571e-03
-1.639478258686247192e-02
-1.356746853958420464e-02
-1.912345281670280867e-02
-1.899130811720602455e-02
-1.399025270157245107e-02
-1.254441806251382040e-02
-6.983172637065273962e-03
-7.158555279210125979e-03
-2.291473401547784727e-02
-9.208811455037704471e-03
-6.381050802912608018e-03
-1.388712392770926132e-02
-1.705158198938695399e-02
-1.758083409893569302e-02
-1.125944343428755476e-02
-6.905061164193562924e-03
-2.593029971709939242e-03
-1.105772816247315229e-02
-1.297881615391564825e-02
-1.287355920858804237e-02
-1.342795790272234210e-02
-1.415321258802924864e-02
-1.251628549859707881e-02
-1.202252325896298844e-02
-1.207663541440695196e-02
-1.258497890770257123e-02
-1.882824972501816532e-02
-1.036694414524198284e-02
-6.220166454723612126e-03
-2.947756204468622750e-03
1.264721318249159999e-03
-1.985535944745275838e-02
-2.193618882142337259e-02
-1.620739992838490101e-02
-1.340660666743427078e-02
-3.899948781284967581e-03
-1.127015071781150082e-02
-1.878704772987373900e-02
-2.109584245464082158e-02
-2.306333589563573649e-02
-1.166335394022884053e-02
-6.922258397396921503e-03
-5.973351846991725028e-03
-1.149309618998871525e-02
3.179011817641876764e-03
-1.108549856478486043e-02
5.688469551270511695e-03
-4.627532952895996657e-03
-9.789543158102074344e-03
-2.247575212850195289e-03
-1.034100478284306207e-02
-1.147972101572588242e-02
-3.217868027074961661e-03
-8.937188528279262772e-03
-1.369044247533874291e-02
-1.172210473078762281e-03
-2.490689692213281237e-02
-1.042878964668835472e-02
-1.076489766306674804e-02
-7.449928660081451062e-03
-3.968261709495876817e-03
-6.445084031175688996e-03
-5.645770553226190161e-03
-9.565577336568476668e-03
1.052964845398591566e-02
-8.831583792316046594e-03
-6.570031454959208810e-03
-1.037831961310499082e-02
-1.195738777043313730e-02
-9.241736937563841195e-03
5.449927024130078387e-03
-7.113705856795290647e-03
1.704200902544348185e-03
-5.164000736968057080e-03
8.004068275741449889e-04
-3.231828986319549429e-03
1.581792036318309305e-03
-3.574430052528040913e-03
1.932632562812533874e-03
1.213824144313346495e-03
-4.933283002175355494e-03
-1.268455415720259362e-02
-9.481736721369548454e-03
7.661204683717632658e-04
4.285327871683133893e-03
6.750675570811377584e-03
2.389105108045219781e-03
1.548563087063383826e-03
4.193420861677434161e-04
-1.716641991641947138e-04
4.896845234727979605e-03
4.967493381457510453e-03
6.200852052903359397e-03
1.971849192691597918e-02
1.316838951347408873e-02
-1.205007391482489781e-03
1.074723421844899288e-02
1.794040837528768778e-03
4.906838238910896446e-03
1.055042055795205568e-02
6.728595055033989927e-03
1.990567793406798972e-02
3.504830721230812497e-03
1.903946350629772202e-02
1.796955322772069569e-02
2.799623309292417761e-02
3.407257313864435477e-02
2.591872875598771886e-02
1.985220755477385898e-02
2.846082768525314347e-02
8.730223713713899242e-03
7.415554061360549003e-03
2.465455916417225515e-02
1.731954194613035888e-02
1.539243959122684781e-02
3.028892203162044175e-02
2.162859114986464409e-02
3.040507474458748957e-02
2.015430054859862485e-02
1.826347011900127451e-02
1.398970295473476663e-02
2.711109234581585842e-02
3.799340289217732758e-02
2.817947971181717498e-02
3.626757939952327675e-02
1.466602731778852628e-02
2.108364433378850239e-02
3.034301483333168292e-02
2.137807313632159034e-02
2.925891405780028931e-02
2.771471745775784187e-02
2.673710441171623861e-02
4.059083682392060355e-02
3.343589598854923572e-02
1.778391829665443985e-02
1.195040332033635820e-02
2.651006718748218777e-02
2.030293149617404258e-02
3.480773236231069628e-02
2.247015274772243276e-02
2.039526230205928117e-02
2.000136270942772312e-02
2.161611130914377343e-02
3.024914711608253648e-02
2.042272444456928390e-02
2.074687262417167222e-02
2.719287754982129685e-02
2.362166339650532965e-02
1.869623108756950092e-02
1.817671304527092649e-02
3.214394327485744357e-02
2.177026520213946187e-02
1.998341604503970151e-02
2.173629424458432130e-02
1.249351478197039712e-02
2.639315228019593548e-02
3.544914429614052370e-02
2.595022196590202751e-02
1.845798473365778750e-02
2.821962843800833107e-02
2.930177354308547560e-02
2.732346493121057956e-02
2.343870658199376233e-02
1.955356697761242643e-02
2.471814670925856841e-02
3.571796536563884295e-02
2.934889191623436117e-02
3.781783526826538316e-02
3.084431985836255663e-02
1.679375577864886809e-02
1.733548041778816551e-02
2.035017583379180456e-02
2.413067649230124165e-02
2.154526180124280432e-02
2.231766013867234749e-02
2.092330380756475885e-02
1.840639559806272335e-02
1.743669688130468701e-02
1.188364202619128507e-02
2.206916286588998452e-02
3.409137734021401578e-02
2.606265350026820693e-02
3.060146324529123760e-02
2.189972235977690612e-02
1.425886450442625554e-02
3.734530043516266773e-02
2.798862670855918958e-02
3.329297919834375147e-02
2.385109262458641466e-02
3.468044284827938306e-02
2.622043357744909681e-02
3.136712042487996288e-02
2.237036556137090085e-02
2.884106599798443721e-02
2.610060413928432313e-02
2.499843578281154416e-02
2.683440899709503905e-02
3.480481384065751971e-02
3.368103859261765282e-02
2.804196394266674636e-02
2.756909508044970078e-02
3.231570383304228217e-02
2.613101094804899313e-02
1.807274177610316418e-02
1.775507511604222655e-02
1.009296469981019531e-02
1.531403832645664674e-02
2.181738791318092383e-02
1.717650365041122409e-02
2.580233774114209372e-02
1.672374864989432941e-02
2.894467638369522741e-02
1.009739507116116236e-02
2.280167144920081795e-02
2.595976723708929776e-02
2.096477661036070389e-02
2.607631971482989724e-02
1.596193445271953254e-02
2.465216987344688929e-02
9.913282243249051801e-03
1.839194702815652796e-02
2.865369138791421660e-02
1.531535412847455022e-02
2.445740023947401420e-02
7.643516368937687197e-03
1.081374919858812261e-02
2.068742133484433726e-02
2.082370959352646683e-02
1.983087185926843063e-02
2.590163108001051345e-02
2.517819114501656033e-02
1.538158851505004587e-02
3.097355870786056703e-02
2.795874260047742643e-02
2.931012801731349218e-02
2.018046845977447545e-02
2.268691480549982209e-02
2.216989165069018983e-02
2.764207079434235353e-02
2.992251517479891515e-02
2.348307473183403743e-02
2.624818402992163541e-02
2.542683482801288974e-02
2.704800905042687581e-02
1.680851692151542551e-02
2.136879569933260864e-02
2.914610830648917128e-02
3.370010301815025422e-02
3.138895430541525922e-02
1.774019791864338280e-02
4.370871784779104680e-02
2.700334963341348773e-02
2.480402321978526434e-02
1.209637006244789273e-02
2.455726072409118027e-02
1.778450486412754689e-02
2.987034201847631534e-02
2.021406925494446602e-02
1.822328111912377771e-02
2.922848709244367862e-02
2.354026927404389430e-02
2.823934485995161642e-02
2.970251788029123000e-02
2.530470140895036552e-02
1.733366594038724534e-02
2.300334044454502985e-02
3.224473284218924707e-02
2.322646735369251342e-02
2.627052086732383634e-02
3.795379861285067685e-02
3.541723504985416771e-02
2.361474557718709968e-02
1.537281300265675756e-02
2.133214074734302718e-02
1.104744788933503287e-02
1.626013644064112917e-02
2.613560459618189877e-02
2.720474681545053536e-02
1.757400766162925052e-02
2.587453933773475878e-02
2.068511168180356408e-02
2.745595486005765820e-02
3.163003415687670739e-02
1.608441926442165729e-02
3.065970785077755043e-02
2.975600017593830679e-02
2.176064351799592012e-02
1.937634140759684348e-02
1.808307337682195370e-02
1.928440123410462073e-02
3.244103935562013541e-02
2.326781700815201345e-02
2.447063548596094956e-02
2.119313234658532982e-02
2.269421908430431858e-02
2.015435667871374667e-02
6.788162153925641693e-03
1.099317090909932362e-02
1.956244202133707727e-02
2.497783347745807792e-02
9.831584535593929433e-03
8.423648340525422690e-03
2.223433875441295157e-02
1.124520356008831823e-02
1.057120522881458205e-02
2.483809235908158303e-02
6.344901049761565541e-03
2.064293263888640831e-02
2.322915111132430738e-02
1.755972978282472827e-02
1.209691470752684642e-02
2.211900798504025378e-02
4.080787461373500818e-03
9.986069233447084775e-03
1.518002875268192886e-02
1.839425633109943031e-02
2.252079730179810252e-02
1.693023283062629683e-02
3.007181815921511348e-02
8.598301413408240834e-03
1.549660407759283556e-02
2.369467283360976104e-02
1.877740696666498716e-03
1.448385623037605138e-02
1.497867170549319060e-02
1.284528989286105524e-02
1.947825702180103896e-02
2.371132769902104670e-02
5.016960981458913268e-03
2.082622245373958944e-02
8.146399516667107016e-03
1.847699342662751515e-02
1.642317803939713147e-02
1.286832828931413521e-02
1.428736161891317955e-02
1.780384290395605265e-02
1.763277338076427864e-02
1.477578100023218058e-02
2.227469269169799621e-02
1.830408254407144691e-02
1.770177181894941332e-02
1.867133230953177056e-02
1.205103270459784506e-02
2.179170416439502739e-02
1.940559170231611480e-02
1.907600700606531391e-02
2.456838765048459036e-02
1.997137683108368006e-02
2.450886786984730545e-02
1.745956924379030509e-02
1.200620262032518412e-02
2.154454049094860560e-02
1.630683882307503579e-02
6.735356888484402005e-03
1.027118063156068524e-02
1.169100851564702608e-02
1.639562193718928362e-02
1.756311303771093332e-02
1.885259218675001264e-02
1.081127627755688533e-02
1.713832417289365764e-02
2.291609462671154868e-02
2.388471138933268012e-02
2.520348634661174689e-02
2.332652837939499027e-02
2.203298875516156857e-02
1.704253547898252827e-02
1.972378291237481332e-02
1.102740911565904328e-02
2.043499104103810304e-02
1.582252405260918190e-02
3.072543506775933866e-02
2.377352349872219328e-02
3.663940512968599794e-02
1.771846002018827651e-02
1.480162371741035668e-02
1.609018563010330277e-02
1.965203113648692976e-02
2.363705677902011582e-02
2.261323842018405153e-02
2.255163124050468121e-02
2.553932052419857768e-02
2.887531904868544802e-02
3.417674963607688493e-02
2.609836134615604528e-02
2.780121948222640665e-02
2.693905523764520901e-02
2.110460253221477234e-02
1.617629471622253345e-02
1.389092920751235430e-02
2.435098374017827944e-02
2.763051334050307603e-02
2.225726038732474613e-02
2.222066010190155289e-02
2.322036214924699457e-02
1.454065601254304028e-02
2.221638332364623755e-02
1.275187466416770679e-02
1.393912707765900504e-02
2.300364781870312472e-02
1.652610780203290705e-02
1.302510353249819106e-02
1.712203027254444176e-02
1.411984144206687372e-02
1.140786172147647756e-02
1.969362557883187412e-02
1.174489018326958789e-02
2.175324149500198340e-02
9.094956667669747141e-03
7.020635188907048754e-03
1.626413076264195470e-02
1.971879232885263497e-02
1.634690832196428883e-02
2.255905510507679249e-02
1.663172752214697736e-02
1.246042325340687013e-02
5.745773791606359482e-03
2.513208077379410627e-02
1.494075139696827634e-02
2.459405558682226794e-02
2.522764715836167682e-02
2.202381477599439988e-02
1.607268420338420906e-02
1.273291970914051593e-02
1.690695601528328582e-02
1.089410895453893705e-02
1.073162611148600551e-02
1.288107204694478002e-02
3.955791539686924659e-03
2.164480190801352372e-02
1.048377266267443500e-02
6.624123465811988798e-03
1.241239396217787977e-02
2.135502101453386117e-03
1.067586699874842684e-02
2.155557304042979815e-03
-2.043696852007750604e-03
-4.142309992892042290e-03
1.344440896815770128e-02
1.166819110645219391e-02
9.391811191767757833e-03
2.066232595169234867e-02
1.350677785786388516e-02
9.561034751273808294e-03
1.204703688965478268e-02
4.695563755265666668e-03
6.450872861437573040e-03
6.532068674408786010e-03
1.155906392441940697e-02
1.884644414805525942e-02
4.882463689594697398e-03
1.669650485982196800e-02
1.160274119027850711e-03
7.658079626037371176e-03
-1.080716260196074984e-03
1.366693390550224874e-02
9.015227743794835841e-04
1.751346334585870707e-03
6.678280289085160304e-03
-1.334657215454374338e-02
-5.313550960067508350e-03
-2.915217397556379205e-03
-1.348627327792525400e-02
-1.927435285835170722e-02
-8.628803722635528667e-03
-4.054169724057983754e-04
-5.653144465852236698e-03
4.985423698645350885e-03
-4.894461624719253882e-03
-5.045252269044346767e-03
-6.206342417581313170e-04
-3.692904897873606953e-03
-1.335758097628587417e-02
-1.795680241007182459e-02
-2.302738298178214071e-02
-5.433255587479983613e-03
-1.334873831535451395e-02
2.127875598925456965e-03
-2.688163029276349758e-02
-1.244275560269319028e-02
-5.395143784169920652e-03
-4.119783375666417370e-03
-1.133752578418831779e-02
-2.831419580302386649e-02
-2.181714883293383103e-02
-2.478003970261905692e-02
-2.308093900759208492e-02
-1.515311338670842153e-02
-2.003189986194763017e-02
-3.340948771845383275e-02
-2.192905786403515772e-02
-2.788525763984040992e-02
-3.003313576470452093e-02
-1.162708607132758969e-02
-3.916454231674156711e-02
-2.726565082888656594e-02
-2.554636637162174817e-02
-1.961786261524640917e-02
-1.834446188479839368e-02
-3.458713861604362227e-02
-1.599280153575790078e-02
-3.871353412519175363e-02
-2.844112649367044193e-02
-4.030508295392602747e-02
-2.204361500047080646e-02
-2.434238043753978592e-02
-3.233730652880818096e-02
-2.412720756370814387e-02
-3.748131388877976727e-02
-5.062555202542544375e-02
-5.814684589688912109e-02
-2.999457802361871900e-02
-5.215686271002722973e-02
-4.686745907496816382e-02
-2.811773157661527980e-02
-3.368999839709562599e-02
-4.998443927359078748e-02
-3.107304666212184346e-02
-3.769425426225277154e-02
-3.196773180497935324e-02
-4.253985875233575603e-02
-4.138488086814018363e-02
-4.477769123612920787e-02
-3.976864123814079915e-02
-2.579363389317885710e-02
-4.014238576138321607e-02
-3.483359571170181052e-02
-1.660330161997131820e-02
-4.364184302604397214e-02
-2.608000974684861889e-02
-5.007559164653062334e-02
-3.731244846425681161e-02
-4.347478230175314678e-02
-4.017789164191618717e-02
-3.919697556308482378e-02
-3.798942744610368794e-02
-3.666866629212051781e-02
-3.372377279729883714e-02
-3.505322778543311368e-02
-4.049977386130819423e-02
-4.172498963958883034e-02
-4.086579165655979118e-02
-3.643232725338994837e-02
-3.408054288159746009e-02
-4.961961774107914724e-02
-4.872333455469859270e-02
-6.394448610289241164e-02
-5.492511399446799170e-02
-3.878214681294112065e-02
