# spin correlation
-4.994449997005722119e-01
-5.025496269981881703e-01
-4.992618983935566135e-01
-5.007896352743017587e-01
-5.000116217819623454e-01
-5.025478883025600307e-01
-4.972722942360757736e-01
-4.988738130766684487e-01
-4.955313311416676414e-01
-4.961713112465287456e-01
-4.936086304277066406e-01
-4.894591577137115124e-01
-4.868026429225290608e-01
-4.862879379462320406e-01
-4.832601445341852542e-01
-4.791252110384301988e-01
-4.779281710737985356e-01
-4.771557600300506685e-01
-4.743165258585118615e-01
-4.701524355223529184e-01
-4.653626518172053750e-01
-4.599603984848181781e-01
-4.590983218034174751e-01
-4.535874181423982798e-01
-4.495169066347569631e-01
-4.465511439436216645e-01
-4.434668759112518344e-01
-4.356048069753379881e-01
-4.331477871043566963e-01
-4.263776120153943694e-01
-4.227759321696753503e-01
-4.165318732917475675e-01
-4.114021879159490691e-01
-4.081115436036533706e-01
-4.026131690420987619e-01
-3.956261290714651047e-01
-3.875645121690437511e-01
-3.838108665680659004e-01
-3.772111693037518698e-01
-3.737162224344989792e-01
-3.652231065770016327e-01
-3.607454287120832048e-01
-3.505536215323933891e-01
-3.489586822495919227e-01
-3.407239854464035878e-01
-3.338039352537877091e-01
-3.257172211069049306e-01
-3.199277166207717960e-01
-3.118607855961788022e-01
-3.060698764208363842e-01
-3.005913494456112778e-01
-2.963039838158811889e-01
-2.872311163796580358e-01
-2.786642421948177795e-01
-2.735078857471128777e-01
-2.682983360726193811e-01
-2.617007797968194938e-01
-2.552163862714487697e-01
-2.467447363224625489e-01
-2.380954151345203440e-01
-2.301826342626651367e-01
-2.264858355654582600e-01
-2.195686236365124722e-01
-2.090202521304812266e-01
-2.061007298546063959e-01
-2.014576223296626611e-01
-1.931517989310586048e-01
-1.862456452477252999e-01
-1.794566099722607055e-01
-1.726675220461411087e-01
-1.668855135992710625e-01
-1.589861541254709576e-01
-1.530143776275423584e-01
-1.465695681799119021e-01
-1.421872043166675648e-01
-1.352641109139758324e-01
-1.298511735631142638e-01
-1.223598712023466345e-01
-1.162263731902445085e-01
-1.119829404141183399e-01
-1.046283961375935045e-01
-1.007157444291937320e-01
-9.247404171069328882e-02
-8.872709005352880096e-02
-8.229858987129134995e-02
-7.751200860235793466e-02
-7.362158929480039360e-02
-6.723213498280682099e-02
-6.225652692390549331e-02
-5.722110214266495909e-02
-5.233168505257934644e-02
-5.110845335468085920e-02
-4.643615317482861771e-02
-4.182267228726151836e-02
-3.753397390610233725e-02
-3.518279270738215725e-02
-3.279382675184409207e-02
-2.888104105668945487e-02
-2.434080727682487802e-02
-2.295514900760062260e-02
-1.990970999753220727e-02
-1.597520656781450249e-02
-1.534483951397810041e-02
-1.281250858065055218e-02
-1.111049070318168887e-02
-1.126208852840092020e-02
-7.423311863477032209e-03
-6.006080832134596051e-03
-4.728183138133306394e-03
-3.940974513095369010e-03
-1.282534895345631941e-03
-1.940920480991419278e-03
-1.564094420651036604e-03
-1.491963432042734718e-03
-8.161690791274526895e-04
-7.401023038610501145e-04
-6.640501680451733847e-04
-5.880175449273799442e-04
-5.120093023203813043e-04
-4.360303022938005172e-04
-3.600854008675650596e-04
-2.841794477029007033e-04
-2.083172857996077394e-04
-1.325037511927684860e-04
-5.674367264818049093e-05
1.895812863508235322e-05
9.459683932406578847e-05
1.701676542509983608e-04
2.456657767056970461e-04
3.210864187335572091e-04
3.964248014242047614e-04
4.716761552043392098e-04
5.468357201274099246e-04
6.218987461580051347e-04
6.968604934629630838e-04
7.717162326893535528e-04
8.464612452519758041e-04
9.210908236115856757e-04
9.956002715546851192e-04
1.069984904470785980e-03
1.144240049626850516e-03
1.218361046445059874e-03
1.292343246768754787e-03
1.366182015138544571e-03
1.439872729057572586e-03
1.513410779260817305e-03
1.586791569976430359e-03
1.660010519192449624e-03
1.733063058917257322e-03
1.805944635439180523e-03
1.878650709583336905e-03
1.951176756967707912e-03
2.023518268260682089e-03
2.095670749429511936e-03
2.167629721990188031e-03
2.239390723261160988e-03
2.310949306604919481e-03
2.382301041677087859e-03
2.453441514665553880e-03
2.524366328534778919e-03
2.595071103265142107e-03
2.665551476087148815e-03
2.735803101721662536e-03
2.805821652610677747e-03
2.875602819150503177e-03
2.945142309920971251e-03
3.014435851913724665e-03
3.083479190760184639e-03
3.152268090953335312e-03
3.220798336072540867e-03
3.289065729000426302e-03
3.357066092148917533e-03
3.424795267666477100e-03
3.492249117662720500e-03
3.559423524413740658e-03
3.626314390578604455e-03
3.692917639403718762e-03
2.585693505858856558e-03
2.640654364365533063e-03
2.695365727689039148e-03
2.749824272461232934e-03
2.804026693295494192e-03
2.857969702950101040e-03
2.911650032493515693e-03
2.965064431462154960e-03
3.018209668021320548e-03
3.071082529129008122e-03
3.123679820683704454e-03
3.175998367688047733e-03
3.932736735208590233e-03
3.987924446703905099e-03
4.042804855540890405e-03
4.097374658884813010e-03
4.151630575081688770e-03
4.205569343808832246e-03
4.259187726230836968e-03
4.312482505153354337e-03
4.365450485174094362e-03
4.418088492830924210e-03
4.470393376749479293e-03
4.522362007791561056e-03
4.573991279197124962e-03
4.625278106730424874e-03
4.676219428817350240e-03
4.726812206689031716e-03
4.777053424516241459e-03
4.826940089550733198e-03
4.876469232257735209e-03
4.925637906448226445e-03
4.974443189411933454e-03
5.022882182048788585e-03
5.070952008997293460e-03
5.118649818761808641e-03
5.402788546604404482e-03
5.449708803221698511e-03
5.496248835548236955e-03
5.542405890264265333e-03
5.588177238512703239e-03
5.633560176021674797e-03
5.678552023218641324e-03
5.723150125349767657e-03
5.767351852586631925e-03
5.811154600143653322e-03
5.854555788385675322e-03
5.897552862942044560e-03
5.949998659362128878e-03
5.992179006216785155e-03
6.033947738052716607e-03
6.075302402659433013e-03
6.116240573606624223e-03
6.412879680590932371e-03
6.452954484205890122e-03
6.492605915542666237e-03
6.531831653641738053e-03
6.580476653337790152e-03
6.618843292724309324e-03
6.656777443532177138e-03
6.615519170265788708e-03
6.652588328209956686e-03
6.689218353367389416e-03
6.725407110153047360e-03
6.761152489863181576e-03
6.796452410767821369e-03
6.831304818184290133e-03
6.875546828225032568e-03
6.909497397144886977e-03
6.942994461728722172e-03
7.842630830814874970e-03
7.877244893168454387e-03
7.911371058521543889e-03
7.945007347822927168e-03
7.978151811412028879e-03
8.010802529090456370e-03
8.042957610200136831e-03
8.074615193690744264e-03
8.105773448191130187e-03
8.136430572082874180e-03
8.166584793563851086e-03
8.196234370714474901e-03
8.215548710572787711e-03
8.244184493607073505e-03
8.282138266653740408e-03
8.309752447265552830e-03
8.336853724472495855e-03
8.363440536990073698e-03
8.389511353851318576e-03
8.415064674455300514e-03
8.440099028633319192e-03
8.464612976689872906e-03
8.488605109469207766e-03
8.512074048393044462e-03
8.535018445516691366e-03
8.557436983579113851e-03
8.579328376047867105e-03
8.600691367166068968e-03
7.758367298757685646e-03
7.777477853174497718e-03
7.796087698632228613e-03
7.814195769195482824e-03
7.851438901784635327e-03
7.868539579165846273e-03
7.885135481448188322e-03
7.901225659603761803e-03
7.916809193912898238e-03
7.637370881891300534e-03
7.651948229109231149e-03
7.656199503759049049e-03
7.689389623358109521e-03
7.780962902883490837e-03
7.803310403477484863e-03
7.815329504239106398e-03
7.826835433455036489e-03
7.837827536135521730e-03
7.848305186876717091e-03
7.858267789883455895e-03
7.906971570106438238e-03
7.915901612116645059e-03
7.924315042829093922e-03
7.932211385103990139e-03
7.939590191500693617e-03
7.946451044282303727e-03
7.952793555435468120e-03
7.958617366679920230e-03
7.963922149478445262e-03
7.968707605055989907e-03
7.972973464397174748e-03
7.976719488258666307e-03
7.979945467184001995e-03
7.992463729562653343e-03
7.994649060333551896e-03
7.996313908108567195e-03
8.154456513608248844e-03
8.155079925798768350e-03
8.155182858971769116e-03
8.154765312235271943e-03
8.153827314495975045e-03
8.606484987021670308e-03
8.604379375407190250e-03
8.601720589106631731e-03
8.598508785881919803e-03
8.594744155160254084e-03
8.590426918002120465e-03
8.585557327113144468e-03
8.580135666820060125e-03
8.574162253063667000e-03
8.567637433392488039e-03
7.451700009315335299e-03
7.444519018729028881e-03
7.436819889069370970e-03
7.428603066198691263e-03
7.419869025665658778e-03
7.410618272687738602e-03
7.400851342128632673e-03
7.390568798480951634e-03
7.379771235844102308e-03
7.368459277904045208e-03
7.356633577902583002e-03
7.344294818619842395e-03
7.331443712346068405e-03
8.213666708920175710e-03
8.207850415327424404e-03
8.191643169928189763e-03
8.174862272159359039e-03
8.157508690943345020e-03
8.139583428243123836e-03
8.121087519034342339e-03
8.102022031255484702e-03
8.082388065768050106e-03
8.062186756324824649e-03
8.041419269518654961e-03
8.020086804741224235e-03
7.998190594136046425e-03
7.975731902555360103e-03
7.952712027509394738e-03
7.929132299116802701e-03
7.904994080060838424e-03
7.880298765530580757e-03
7.855047783167300526e-03
7.829242593018270052e-03
7.802884687471808162e-03
7.775975591211984825e-03
7.335836230308329792e-03
7.307806253822315620e-03
6.630402148588887372e-03
6.602902753656366384e-03
6.574890076987212513e-03
6.546365741184275583e-03
6.517331398963664528e-03
6.487788733085125131e-03
6.457739456290733163e-03
6.830259866518714404e-03
6.799229206185397265e-03
6.767697681825290273e-03
6.735667123865973771e-03
6.703139392347962598e-03
6.670116376850871928e-03
6.636599996422187786e-03
6.602592199500260071e-03
6.568094963835674482e-03
6.533110296419692570e-03
6.497640233397525104e-03
6.461686839996490239e-03
5.713933969640254407e-03
5.679191903235600129e-03
5.644000907357235933e-03
5.608363034254405625e-03
5.572280363149312472e-03
5.535755000156118016e-03
5.498789078193786102e-03
5.451539600702776621e-03
5.433390218948527459e-03
5.395116534199282179e-03
5.376106509389410280e-03
5.336973325429486374e-03
5.297412966522935078e-03
5.257427750598980820e-03
5.217020021663787248e-03
5.176192149705915665e-03
5.134946530600462480e-03
5.093285586006758223e-03
5.652361904183366044e-03
5.816908366263050245e-03
5.774094337730524551e-03
5.730875664970221106e-03
5.687254892388046365e-03
5.643234589500252876e-03
5.598817350832747258e-03
5.554005795801552139e-03
5.508802568605309681e-03
5.463210338110829727e-03
5.417231797741326772e-03
5.370869665354069053e-03
5.324126683129306800e-03
5.277005617448135566e-03
5.229509258769075852e-03
5.181640421512223940e-03
5.133401943930691533e-03
5.084796687988132544e-03
5.035827539231851543e-03
4.986497406661966579e-03
4.936809222607131849e-03
4.886765942590055867e-03
4.836370545195794318e-03
4.785626031936723521e-03
4.734535427119315396e-03
4.702863958717409983e-03
4.241333117265926912e-03
4.342325711350230634e-03
4.296558235016995249e-03
4.260387918121372360e-03
4.233821061664191573e-03
4.187199687572634201e-03
4.140298076429275824e-03
4.103009553769963388e-03
4.055557135209709313e-03
4.007832980299146780e-03
3.959839957154010284e-03
3.911580952134710923e-03
3.863058869705575729e-03
3.814276632295466110e-03
4.911979572842940962e-03
4.855621520771419113e-03
4.798976221823131848e-03
4.742047097544706789e-03
4.684837589194463907e-03
4.627351157569216389e-03
4.569591282840594279e-03
4.511561464379391581e-03
4.453265220584378542e-03
4.404616753185484554e-03
4.345799601154196751e-03
3.910021518268001935e-03
3.850646168115725004e-03
3.661547441746892343e-03
3.605480464707033154e-03
3.549187328873465008e-03
3.492671468744470466e-03
3.435936335129463788e-03
3.378985394975262280e-03
3.321822131186838618e-03
3.264450042445825838e-03
3.206872643030090914e-03
3.149093462628416423e-03
3.091116046157800328e-03
3.032943953574534189e-03
2.974580759691590123e-03
2.916030053980928245e-03
2.857295440390071779e-03
2.798380537147826704e-03
2.739288976566435236e-03
2.043908789177325581e-03
1.984384334940432221e-03
1.924693950290034053e-03
1.864841327535826047e-03
1.804830172100810922e-03
1.744664202319812316e-03
1.684347149232951184e-03
1.623882756380390065e-03
1.573225508060985788e-03
1.512479158902212736e-03
1.451596776746125412e-03
1.390582152949712373e-03
1.329439090315214476e-03
1.268171402874703878e-03
1.206782915675741171e-03
1.145277464561646630e-03
1.083658895951960339e-03
1.021931066622107798e-03
9.600978434802565943e-04
8.981631033450995132e-04
8.361307327183547730e-04
7.740046275593346964e-04
7.117886930584288799e-04
6.494868434041393968e-04
5.871030015548665392e-04
5.246410990059342631e-04
4.621050755567235649e-04
3.994988790734958837e-04
3.368264652558180606e-04
2.740917973969758843e-04
2.112988461455838382e-04
1.484515892654881489e-04
8.555401139351232831e-05
2.261010379719252282e-05
-4.037613587053260613e-05
-1.034007038151678413e-04
-1.664595903501328328e-04
-2.295487801412371116e-04
-2.926642524594737249e-04
-3.558019814304197795e-04
-4.189579362842879681e-04
-4.821280816117362112e-04
-5.453083776164877657e-04
-6.084947803705062844e-04
-6.716832420718354089e-04
-7.348697113001396389e-04
-7.980501332789016050e-04
-8.612204501319602407e-04
-9.243766011466533717e-04
-9.875145230350355213e-04
-1.050630150198057430e-03
-1.113719414989241966e-03
-1.176778247980296522e-03
-1.239802578227212123e-03
-1.302788333537429049e-03
-1.365731440739980122e-03
-1.428627825952960995e-03
-1.491473414854031223e-03
-1.554264132953320741e-03
-1.616995905863844851e-03
-1.679664659575175710e-03
-1.742266320728154015e-03
-1.804796816889179135e-03
-1.867252076825810922e-03
-1.929628030783317374e-03
-1.991920610762934040e-03
-2.054125750797919023e-03
-2.116239387235397621e-03
-2.178257459012981553e-03
-2.240175907941547966e-03
-2.301990678984716394e-03
-2.363697720541818592e-03
-2.425292984728211199e-03
-2.486772427661783965e-03
-2.548132009743093312e-03
-2.609367695941227847e-03
-2.670475456078160326e-03
-2.731451265115463628e-03
-2.792291103437106233e-03
-2.852990957139444218e-03
-2.913546818314741420e-03
-2.973954685340611092e-03
-3.034210563166606089e-03
-3.094310463602467469e-03
-3.154250405605987101e-03
-3.224090915495455255e-03
-3.283700444098298140e-03
-3.343138112836125699e-03
-3.402399972057235447e-03
-3.461482080706352292e-03
-3.520380506611252552e-03
-3.579091326777358601e-03
-2.992853722514845875e-03
-3.051088898410723397e-03
-3.109125060970345869e-03
-3.166958332713184360e-03
-3.224584846772851014e-03
-3.282000747182237284e-03
-3.339202189168131128e-03
-3.396185339438206625e-03
-3.452946376474073410e-03
-3.509481490817503019e-03
-3.565786885362852085e-03
-3.621858775646640168e-03
-3.677693390133903589e-03
-3.733286970512428825e-03
-3.788635771977032479e-03
-3.843736063520443186e-03
-3.898584128221656460e-03
-4.340063709021873238e-03
-4.398081177954491286e-03
-4.072026611605624943e-03
-4.139530318633045068e-03
-4.196645586872627468e-03
-4.253468308261215865e-03
-4.309994631013100430e-03
-4.366220720808946035e-03
-4.422142761094245353e-03
-4.477756953389489154e-03
-4.533059517581620665e-03
-4.544129042763587860e-03
-4.591943929718136919e-03
-4.639476379914840055e-03
-4.686723153759514079e-03
-4.733681029051363745e-03
-4.780346801242527609e-03
-4.826717283691270462e-03
-4.882908733584474456e-03
-4.928680316657367382e-03
-4.974147152316952397e-03
-5.049674838730388617e-03
-5.094526291813145959e-03
-4.591361394778702316e-03
-6.315513821912367189e-03
-6.365817040117523196e-03
-6.436007120870520723e-03
-6.485568677883977833e-03
-6.534753162888000746e-03
-6.583557192980165132e-03
-6.631977409511894718e-03
-6.680010478362776588e-03
-6.727653090220898566e-03
-6.774901960856990167e-03
-6.821753831401520390e-03
-6.868205468612741116e-03
-6.914253665151420467e-03
-6.959895239848524519e-03
-7.005127037974311077e-03
-7.049945931500010976e-03
-7.094348819367556763e-03
-7.138332627747760728e-03
-7.181894310302062989e-03
-7.225030848439749354e-03
-7.267739251579097455e-03
-7.310016557394515002e-03
-7.351859832074220807e-03
-7.606412736225131102e-03
-8.266594011403225958e-03
-8.307191795260853925e-03
-8.347343289426125551e-03
-8.387045701288394633e-03
-8.426296268272253157e-03
-8.465092258081308510e-03
-8.503430968933982717e-03
-8.561623424254444920e-03
-8.599041256477641185e-03
-8.646152367423536739e-03
-8.682637992928055742e-03
-8.718653265000073788e-03
-8.754195669590245435e-03
-8.789262724756356435e-03
-8.823851980867578743e-03
-9.057048132834914778e-03
-9.092777019330013089e-03
-9.127990676079417165e-03
-9.162686639687160628e-03
-9.196862482198022923e-03
-9.230515811308223628e-03
-9.263644270574435818e-03
-9.296245539627649712e-03
-9.328317334371335340e-03
-9.359857407187742798e-03
-9.390863547133330991e-03
-9.838336790026890738e-03
-9.868294211574004521e-03
-9.897710826093095507e-03
-9.926584569508945660e-03
-9.954913415398593257e-03
-9.982695375176358493e-03
-1.034228964842265688e-02
-9.943199220207449285e-03
-9.970848494591127639e-03
-9.997911118102211989e-03
-1.002438518914607404e-02
-1.005026884722999905e-02
-1.007556027312380732e-02
-1.010025768902908690e-02
-1.012435935873545224e-02
-1.014786358777855155e-02
-1.017076872358382497e-02
-1.019307315562677924e-02
-1.021477531557106466e-02
-1.023587367740802848e-02
-1.025636675759588820e-02
-1.027625311519669501e-02
-1.029553135199917299e-02
-1.031420011264845213e-02
-1.033225808476578508e-02
-9.168047475230013676e-03
-9.182985203678677502e-03
-9.197377496339260994e-03
-9.211223342799741004e-03
-9.224521771291658429e-03
-9.237271848780792202e-03
-9.249472681046479530e-03
-9.261123412765897428e-03
-9.272223227587349584e-03
-9.282771348208132892e-03
-9.292767036437972819e-03
-9.229279738370278069e-03
-9.238720136762169910e-03
-9.247571848042023326e-03
-9.255834254640358388e-03
-9.263506780835383675e-03
-9.270588892804389192e-03
-9.277080098666677307e-03
-9.282979948533826367e-03
-8.675226102356430047e-03
-8.679658938235032886e-03
-8.683534650927820023e-03
-8.686852976158119730e-03
-8.852613480801966445e-03
-8.854817172765616987e-03
-8.866650295072657506e-03
-8.867737622633136557e-03
-8.868266624950509394e-03
-8.868237275777776651e-03
-8.867649588578538355e-03
-8.866503616529092940e-03
-8.864799452502115235e-03
-8.862537229072398395e-03
-8.859717118488015866e-03
-8.856339332663613201e-03
-8.893153118542922869e-03
-8.888660374318914023e-03
-8.883610778770038158e-03
-8.878004702247758312e-03
-8.882029326958111246e-03
-8.956804385632826521e-03
-8.959716481414584793e-03
-8.951887226792859184e-03
-8.637920872048489296e-03
-8.628989885670963755e-03
-8.619506361062224259e-03
-8.609470983171878256e-03
-8.619254929282902170e-03
-8.608117558958841217e-03
-7.577958864273195635e-03
-8.741490854110524691e-03
-8.727910967549348115e-03
-8.713749968220708270e-03
-8.699008872493498717e-03
-8.683688737689838205e-03
-8.667790661994582285e-03
-8.651315784351708282e-03
-8.634265284358021847e-03
-8.616640382153449573e-03
-8.608623779889501212e-03
-8.579672453728291043e-03
-8.560332069482815692e-03
-8.540422566735910576e-03
-8.519945366593270619e-03
-8.498901929972667996e-03
-8.477293757479020808e-03
-8.455122389255786269e-03
-8.432389404852573545e-03
-8.322192731006969324e-03
-8.299739145149420683e-03
-8.286938048032458856e-03
-8.263437637191457796e-03
-8.239416551827298540e-03
-8.214876498826411896e-03
-8.189819221137548469e-03
-8.082856713638710000e-03
-8.056775008152066223e-03
-8.040354162036108046e-03
-8.013250358078687768e-03
-7.985638658677556706e-03
-8.221959317490874775e-03
-8.193321149710429754e-03
-8.174350184726959789e-03
-8.144708988987180848e-03
-8.114569723960093559e-03
-8.083934519185848044e-03
-8.052805538188680806e-03
-8.021184978290310519e-03
-7.989075070404864226e-03
-8.200427678883600094e-03
-8.167328225952829104e-03
-8.133746059879553431e-03
-8.099683545218042471e-03
-8.065143079108194266e-03
-8.030127091072682133e-03
-7.994638042800433428e-03
-7.958678427925445359e-03
-7.922250771807949621e-03
-7.885357631317429714e-03
-7.848001594598020408e-03
-7.810185280852202476e-03
-7.747741190203619177e-03
-7.711422775093973274e-03
-7.674680310608448380e-03
-7.637516367347042985e-03
-7.599933543920748408e-03
-8.429798660927242254e-03
-8.383662228691680235e-03
-8.337032134257970489e-03
-8.289911630329533862e-03
-8.242304001906033267e-03
-8.194212565999333536e-03
-8.145640671338164746e-03
-8.096591698088181216e-03
-8.047069057564222930e-03
-7.997076191933474854e-03
-7.946616573917313076e-03
-7.895693706504582771e-03
-7.844311122646356257e-03
-7.772196307524670104e-03
-7.719907073211356059e-03
-7.667168915788586704e-03
-7.613985484900494954e-03
-7.560360458626463540e-03
-7.668422148369555616e-03
-7.613907859215774537e-03
-7.558963040652715709e-03
-7.503591482616349222e-03
-7.447797001924730265e-03
-7.391583441963235288e-03
-7.324828467342799250e-03
-7.267789509633935073e-03
-7.210343167042622924e-03
-7.152493385933513664e-03
-7.094244137621508357e-03
-7.035599418051916021e-03
-6.480716061252449374e-03
-6.421349959798697792e-03
-6.361600889716621798e-03
-6.321704515807909444e-03
-6.261199402192977985e-03
-6.200323635431792893e-03
-6.139081370737026373e-03
-6.077476785268364282e-03
-6.005404338362186137e-03
-5.700484761401402450e-03
-5.637849442391065086e-03
-5.574868894361359462e-03
-5.511547397026972384e-03
-5.447889250003348782e-03
-5.386254676979536707e-03
-5.325511522534229214e-03
-5.264462744857116225e-03
-5.203112476337547719e-03
-5.141464866531186319e-03
-5.079524081841891095e-03
-5.017294305188714845e-03
-4.944686515129018654e-03
-3.904151094130906864e-03
-3.844925452024125067e-03
-3.785444319650535863e-03
-3.725711697605253551e-03
-3.665731600143338001e-03
-3.605508054872438081e-03
-3.545045102444839644e-03
-3.484346796248651359e-03
-3.423417202097244968e-03
-3.362260397922198392e-03
-3.300880473465351954e-03
-3.239281529964711977e-03
-3.197619102251072695e-03
-3.135591704296040831e-03
-3.073357647727050466e-03
-3.010921076880146083e-03
-2.948286146045323887e-03
-2.885457019162742699e-03
-2.822437869510033108e-03
-2.759232879397059864e-03
-2.695846239857961624e-03
-2.632282150341588682e-03
-2.568544818406336919e-03
-2.504638459413384508e-03
-2.440567296218805384e-03
-2.627770792682986717e-03
-2.563346847511668251e-03
-2.498770723980132339e-03
-2.434046674235932316e-03
-2.369178956399625290e-03
-2.304171834261302225e-03
-2.239029576975558929e-03
-2.173756458761794824e-03
-2.108356758599560805e-03
-2.042834759927947275e-03
-1.977194750344647353e-03
-1.911441021306693657e-03
-1.845577867829722302e-03
-1.779609588190090089e-03
-1.713540483627176876e-03
-1.647374858045185311e-03
-1.581117017717689017e-03
-1.514771270993140731e-03
-1.448341927997755154e-03
-1.381833300343480401e-03
-1.315249700834735837e-03
-1.248595443177050526e-03
-1.181874841684724814e-03
-1.115092210991804576e-03
-1.048251865763757821e-03
-9.813581204068516899e-04
-9.144152887840195035e-04
-8.474276839269836124e-04
-7.803996177527517102e-04
-7.133354007781585442e-04
-6.462393418387210164e-04
-5.791157478060083609e-04
-5.119689233071002786e-04
-4.448031704465698526e-04
-3.776227885263737914e-04
-3.104320737705277438e-04
-2.432353190485556527e-04
-1.760368136018513295e-04
-1.088408427689345763e-04
-4.165168771476195336e-05
2.552637484140737011e-05
9.268907289383467875e-05
1.598321394191038088e-04
2.269513126442185681e-04
2.940423363095564851e-04
3.611009599358928684e-04
4.281229390851962885e-04
4.951040356234434397e-04
5.620400179789733237e-04
6.289266614023623784e-04
6.957597482242325760e-04
7.625350681102864570e-04
8.292484183152049439e-04
8.958956039371481894e-04
9.624724381668306418e-04
1.028974742540513226e-03
1.095398347187307364e-03
1.161739091074983450e-03
1.227992822258018634e-03
1.294155398119020348e-03
1.360222685613653431e-03
1.426190561511075624e-03
1.492054912631883513e-03
1.557811636089384381e-03
1.623456639522026382e-03
1.688985841331065198e-03
1.754395170914592982e-03
1.819680568895669023e-03
1.884837987356013673e-03
1.949863390063662173e-03
2.014752752698755617e-03
2.079502063081175266e-03
2.144107321391671220e-03
2.208564540397659880e-03
2.272869745669595359e-03
2.337018975804417906e-03
2.401008282638719335e-03
2.464833731468522079e-03
2.528491401261079817e-03
2.591977384866854181e-03
2.655287789231618092e-03
2.966877334780164237e-03
3.029789909281740794e-03
3.092515416145413375e-03
3.155050022908519221e-03
3.217389912225409113e-03
3.279531282067112315e-03
3.341470345922441330e-03
3.403203332995569097e-03
3.464726488399493595e-03
3.526036073355362770e-03
3.587128365378678026e-03
3.647999658478195874e-03
3.708646263335760654e-03
3.788905441762603458e-03
3.849088987261245487e-03
3.909036889006344516e-03
3.968745526420357911e-03
4.028211296524568212e-03
4.087430614118450940e-03
4.146399911960286198e-03
4.205115640944110875e-03
4.263574270268457797e-03
4.321772287615488484e-03
4.379706199319625612e-03
4.437372530538049448e-03
4.494767825416651902e-03
4.123110028950683140e-03
4.173740420631415551e-03
4.233974699770198108e-03
4.293905806340956449e-03
4.353530163737111096e-03
4.412844216615443432e-03
4.471844431073042705e-03
4.530527294800027610e-03
4.588889317255477607e-03
5.239908139347770888e-03
5.301014652801442836e-03
5.361770470551209186e-03
5.422171990429135342e-03
5.482215634154127999e-03
5.304626109911629930e-03
5.354086354120100519e-03
5.413064272796518431e-03
5.471670060707398836e-03
5.529900259706912145e-03
5.587751436505071848e-03
5.664978978052142948e-03
5.722059654973291574e-03
5.778751175774414495e-03
5.351124389373382133e-03
5.407081753650812977e-03
5.462639655951792919e-03
5.517794838056276630e-03
5.572544067782118048e-03
5.626884139127547556e-03
5.680811872401569408e-03
5.734324114362690170e-03
