# spin correlation
-1.998259999676446297e+00
-2.001200789076684750e+00
-2.003775994096732571e+00
-2.002727739279603902e+00
-1.980281983625938436e+00
-1.985183036208584939e+00
-1.990174478471548936e+00
-1.980268510515629243e+00
-1.976581482452458571e+00
-1.963532057448793555e+00
-1.964442441777745074e+00
-1.943317881913900980e+00
-1.950107651140808640e+00
-1.942920245239314170e+00
-1.924321061808238253e+00
-1.925021162426871602e+00
-1.894705608130026864e+00
-1.906590385450884328e+00
-1.886368305940681722e+00
-1.873601346618435581e+00
-1.860600587805786521e+00
-1.854765228328260962e+00
-1.826848811266472250e+00
-1.806656260316962248e+00
-1.791175619153459353e+00
-1.783205543453757258e+00
-1.761518306530100331e+00
-1.750980594502951959e+00
-1.727620413028715607e+00
-1.714216678548567074e+00
-1.679542524434134210e+00
-1.661037753478608270e+00
-1.645617545410157589e+00
-1.624464274279267428e+00
-1.611580433105163745e+00
-1.581100491529993546e+00
-1.560996232930462302e+00
-1.517127239978449005e+00
-1.496107304251714121e+00
-1.480534883531428703e+00
-1.456377815548544508e+00
-1.435736249791991215e+00
-1.400304804850833751e+00
-1.378580448570659645e+00
-1.353770192405112427e+00
-1.317571363175484844e+00
-1.291807948225089930e+00
-1.263961279445701136e+00
-1.244253679138135338e+00
-1.212609766588301552e+00
-1.189640393175254607e+00
-1.164788666823377339e+00
-1.131421940373299240e+00
-1.102593270724818941e+00
-1.086075334262213143e+00
-1.054693074943809039e+00
-1.035851900734451547e+00
-9.957198686905284202e-01
-9.685063707639249841e-01
-9.497674413978746122e-01
-9.200693858428861116e-01
-8.879857803353612411e-01
-8.690322181038249161e-01
-8.478089803915962452e-01
-8.124885473228369293e-01
-7.846379843395994147e-01
-7.543714260949053729e-01
-7.325840761500351794e-01
-7.011216492217930973e-01
-6.760039405615367869e-01
-6.455668334986564005e-01
-6.269270246634268684e-01
-5.997070816644414215e-01
-5.694930368311967861e-01
-5.504809399838133110e-01
-5.172107785280943837e-01
-4.990374440367092990e-01
-4.808221896356775216e-01
-4.463422234989936621e-01
-4.386581475541114772e-01
-4.117071856003363672e-01
-3.868301938022703501e-01
-3.627039079678006650e-01
-3.371219851004160772e-01
-3.255828920906510549e-01
-3.066334833800801185e-01
-2.829398286506207283e-01
-2.613753005094734405e-01
-2.454299508982122069e-01
-2.231035209935177954e-01
-2.141775365145251464e-01
-1.946945814420736609e-01
-1.784937910595138510e-01
-1.581606390857432376e-01
-1.428974748312059617e-01
-1.338306594491185109e-01
-1.240388890704299529e-01
-1.062069029356718930e-01
-9.740735616735543556e-02
-8.642284874511231563e-02
-7.614578319170038634e-02
-6.852640357574191210e-02
-5.275914357331877580e-02
-4.406477342423618243e-02
-3.997179250458841870e-02
-3.014669750727479863e-02
-2.759318194638262639e-02
-1.742022323565497327e-02
-1.491158788251256175e-02
-4.243343191850897263e-03
-6.860709375361181799e-03
-4.681217760658536696e-03
-2.002483426900351221e-03
-4.816775261274900614e-04
1.846792705278725273e-03
1.689085522214160045e-03
1.865789176334688897e-03
2.042466983978390681e-03
2.219107579963324004e-03
2.395699607873234653e-03
2.572231720772875756e-03
2.748692581936366345e-03
2.925070865553535196e-03
3.101355257454242904e-03
3.277534455816499912e-03
3.453597171870210428e-03
3.629532130613136176e-03
3.805328071512873497e-03
3.980973749202314400e-03
4.156457934187042513e-03
4.331769413542012337e-03
4.506896991600767462e-03
4.681829490646304166e-03
4.856555751609109399e-03
5.031064634740697525e-03
5.205345020309594395e-03
5.379385809269247518e-03
5.553175923945530799e-03
5.726704308706384236e-03
5.899959930635310761e-03
6.072931780196846527e-03
6.245608871909398563e-03
6.417980245002502873e-03
6.590034964074309790e-03
6.761762119759717922e-03
6.933150829370055175e-03
7.104190237551035944e-03
7.274869516929030611e-03
7.445177868756785999e-03
7.615104523551118401e-03
7.784638741732166980e-03
7.953769814259102275e-03
8.122487063257397000e-03
8.290779842651203879e-03
8.458637538786558524e-03
8.626049571051059087e-03
8.793005392490806787e-03
8.959494490429781993e-03
9.125506387076572426e-03
9.291030640130641671e-03
9.456056843389442496e-03
9.620574627349210567e-03
9.784573659802162093e-03
9.948043646422025446e-03
1.011097433136564847e-02
1.027335549785696016e-02
1.043517696875963761e-02
1.059642860716847670e-02
1.075710031697990621e-02
1.091718204346343347e-02
1.107666377382899095e-02
1.123553553779482739e-02
1.139378740814651556e-02
1.155140950129692270e-02
1.170839197783257561e-02
1.186472504307042874e-02
1.202039894760079282e-02
1.217540398783046630e-02
1.232973050652032276e-02
1.248336889332419750e-02
1.263630958531037143e-02
1.278854306750185424e-02
1.294005987338531748e-02
1.309085058544270062e-02
1.324090583565949372e-02
1.339021630604091649e-02
1.353877272911413118e-02
1.368656588844209543e-02
1.383358661911116526e-02
1.397982580823736200e-02
1.412527439545790096e-02
1.426992337340942177e-02
1.441376378822967208e-02
1.455678674002398518e-02
1.469898338334286493e-02
1.484034492767036598e-02
1.498086263786966611e-02
1.512052783466423869e-02
1.525933189510164656e-02
1.539726625299477937e-02
1.553432239938517569e-02
1.567049188299221227e-02
1.580576631065842147e-02
1.594013734778806923e-02
1.607359671878783730e-02
1.620613620749253997e-02
1.633774765760582712e-02
1.646842297311500516e-02
1.659815411872047133e-02
1.672693312024586126e-02
1.685475206506315687e-02
1.698160310248578858e-02
1.710747844418793878e-02
1.723237036459317195e-02
1.735627120129136849e-02
1.747917335540586162e-02
1.760106929201237999e-02
1.772195154049590465e-02
1.784181269494886785e-02
1.796064541455516528e-02
1.807844242394170825e-02
1.819519651356763315e-02
1.831090054007198514e-02
1.842554742666125539e-02
1.853913016343495396e-02
1.865164180776734265e-02
1.876307548463952354e-02
1.887342438699279867e-02
1.898268177606587601e-02
1.909084098173104149e-02
1.919789540284000395e-02
1.930383850754078048e-02
1.940866383360242281e-02
2.081933218305111882e-02
2.092182770917309226e-02
1.711990499893599818e-02
1.720528143409340641e-02
1.701250697123470393e-02
1.709593725054537466e-02
1.717837901008364629e-02
1.725982723162388516e-02
1.734027695856106555e-02
1.741972329614420098e-02
1.749816141173033204e-02
1.757558653501016879e-02
1.765199395824117862e-02
1.772737903648741870e-02
1.780173718783790646e-02
1.787506389362888623e-02
1.794735469867455094e-02
1.801860521146737143e-02
1.808881110440749979e-02
1.815796811400107597e-02
1.822607204107428575e-02
1.829311875097037327e-02
1.835910417375661782e-02
1.850314292557088749e-02
1.856699049472726459e-02
1.862976501318847414e-02
1.869146267203426401e-02
1.875207972800883513e-02
1.881161250371088736e-02
1.887005738775364774e-02
1.892741083495902421e-02
1.898366936650707631e-02
1.903882957011906671e-02
1.909288810021177868e-02
1.914584167806382062e-02
1.919768709196579756e-02
1.924842119738428420e-02
1.929804091710368014e-02
1.934654324137462592e-02
1.939392522806225247e-02
1.944018400278289121e-02
1.948531675904630750e-02
1.952932075837895964e-02
1.957219333047552703e-02
1.961393187330113738e-02
1.965453385323662899e-02
1.969399680519102677e-02
1.973231833271819544e-02
1.976949610813319783e-02
1.980552787262978426e-02
1.984041143637633314e-02
1.987414467863457893e-02
1.990672554784786094e-02
1.993815206175162877e-02
1.996842230746482746e-02
1.999753444157763640e-02
2.002548669024324657e-02
2.013131518211230125e-02
2.015694128031256943e-02
2.018140265048666906e-02
2.020469779794587667e-02
2.022682529796169387e-02
2.024778379582273941e-02
2.026757200691950769e-02
2.032570359367991825e-02
2.034314720304370924e-02
2.035941712356740402e-02
2.037451235163533630e-02
2.038843195400026620e-02
2.040117506784330792e-02
2.041274090080354500e-02
2.042312873102535356e-02
2.043233790720342877e-02
2.044036784860752548e-02
2.044721804511385674e-02
2.045288805723438630e-02
2.045737751614969818e-02
2.046068612371659129e-02
2.046281365249474210e-02
2.046375994576103002e-02
2.046352491752393213e-02
2.050161986882002157e-02
2.053853367380416295e-02
2.053475506902919731e-02
2.052979556775552661e-02
2.052365543768407824e-02
2.051633501724029612e-02
2.050783471557006757e-02
2.049815501251998906e-02
2.048729645863081247e-02
2.047525967510104364e-02
2.046204535377931649e-02
2.044765425712667672e-02
2.043208721819515100e-02
2.041534514059004796e-02
2.039742899843124957e-02
2.037833983632156287e-02
2.035807876929451865e-02
2.033664698277179092e-02
2.031404573252354462e-02
2.029027634459971280e-02
2.026534021528465096e-02
2.023923881103448230e-02
2.021197366842069146e-02
2.018354639405553833e-02
2.015395866452948659e-02
2.012321222633738083e-02
2.009130889581044188e-02
2.005825055901785253e-02
2.002403917170777342e-02
1.998867675921537496e-02
1.995216541636356949e-02
1.991450730738670780e-02
1.987570466582998588e-02
1.983575979444490364e-02
1.979467506509814678e-02
1.975245291866466538e-02
1.970909586491337989e-02
1.966460648240381595e-02
1.961898741836616208e-02
1.957224138858588980e-02
1.952437117728616361e-02
1.947537963699275468e-02
1.942526968842203314e-02
1.937404432033468585e-02
1.932170658940652805e-02
1.926825962010239590e-02
1.921370660451574008e-02
1.915805080223361226e-02
1.910129554019792189e-02
2.447278601311119600e-02
2.439322498333293746e-02
2.431219410900302760e-02
2.422969824385282772e-02
2.414574233143564758e-02
2.406033140490568961e-02
2.397347058678061388e-02
2.388516508870885263e-02
2.379542021122311307e-02
2.370424134350297696e-02
2.361163396311891788e-02
2.351760363578022511e-02
2.342215601507623840e-02
2.332529684221218425e-02
2.429625817304130811e-02
2.418360883303481007e-02
2.406938415332205566e-02
2.395359101667100463e-02
2.383623640331397966e-02
2.371732739060630410e-02
2.359687115268307642e-02
2.347487496014168812e-02
2.335134617968249310e-02
2.322629227375792513e-02
2.309972080022120594e-02
2.297163941195569034e-02
2.284205585652628739e-02
2.271097797579490346e-02
2.257841370553832078e-02
2.244437107508564025e-02
2.230885820690810956e-02
2.217188331624498493e-02
2.203345471069586420e-02
2.189358078981718664e-02
2.175227004471154413e-02
2.160953105762935741e-02
2.146537250152485976e-02
2.131980313965388743e-02
2.117283182512415610e-02
2.102446750048232726e-02
2.087471919724571967e-02
1.592079702070582289e-02
1.580322945473593491e-02
1.568461605835191550e-02
1.556496406509580953e-02
1.544428077537826106e-02
1.532257355611005810e-02
1.519984984034582209e-02
1.507611712690294301e-02
1.495138297998593879e-02
1.482565502880701935e-02
1.469894096720131792e-02
1.457124855324110936e-02
1.444258560883041921e-02
1.431296001932231589e-02
1.418237973311013700e-02
1.405085276122615759e-02
1.391838717692084684e-02
1.378499111526195441e-02
1.365067277271224920e-02
1.351544040670559811e-02
1.337930233521651691e-02
1.324226693634042093e-02
1.310434264784894262e-02
1.296553796675875211e-02
1.282586144888027760e-02
1.268532170837915508e-02
1.254392741732001174e-02
1.240168730521055453e-02
1.225861015854626604e-02
1.211470482034369620e-02
1.196998018967111201e-02
1.182444522118450587e-02
1.167810892463970289e-02
1.153098036442145799e-02
1.138306865905738471e-02
1.123438298072984565e-02
1.108493255478057958e-02
1.093472665921860210e-02
1.078377462421412081e-02
1.063208583160183893e-02
1.047966971436573198e-02
1.032653575613062466e-02
1.017269349064354490e-02
6.888976398000986982e-03
6.779842141515899159e-03
6.670230127567891229e-03
6.560147196600168984e-03
6.449600222477322800e-03
6.338596112109413927e-03
6.227141805063777201e-03
6.115244273182409568e-03
6.002910520193093652e-03
5.890147581319704270e-03
5.776962522883577651e-03
5.663362441912098838e-03
5.549354465738684863e-03
5.434945751595410095e-03
5.320143486214028508e-03
5.204954885415750618e-03
5.089387193701398575e-03
4.973447683835943364e-03
4.857143656439055421e-03
4.740482439559731351e-03
4.623471388258498793e-03
4.506117884184465683e-03
4.388429335146009150e-03
4.270413174688606275e-03
4.152076861652290521e-03
4.033427879748923903e-03
3.914473737117985484e-03
3.795221965889482209e-03
3.675680121743049415e-03
3.555855783464288798e-03
3.435756552496274738e-03
3.315390052488213952e-03
3.194763928849655814e-03
3.073885848290406828e-03
2.952763498365941139e-03
2.831404587021761534e-03
2.709816842126095728e-03
2.588008011007108568e-03
2.465985859992685103e-03
2.343758173934070311e-03
2.221332755739348613e-03
2.098717425897779661e-03
1.975920022008621421e-03
1.852948398296503079e-03
1.729810425138575414e-03
1.606513988577390906e-03
1.483066989839822202e-03
1.359477344847156901e-03
1.235752983727968126e-03
1.111901850330272766e-03
9.879319017214584046e-04
8.638511077013735426e-04
7.396674503000362499e-04
6.153889232797585523e-04
4.910235316349518186e-04
3.665792910885114914e-04
2.420642275878549798e-04
1.174863767953514911e-04
-7.146216418046913263e-06
-1.318254984828844925e-04
-2.565434076471352046e-04
-3.812918744858839531e-04
-5.060628224194923652e-04
-6.308481682311770783e-04
-7.556398225886725318e-04
-8.804296905622150055e-04
-1.005209672147977214e-03
-1.129971662790560296e-03
-1.254707553917286042e-03
-1.379409233453749665e-03
-1.504068586360319138e-03
-1.628677495163076156e-03
-1.753227840480089169e-03
-1.877711501561080869e-03
-2.002120356819680168e-03
-2.126446284367005789e-03
-2.250681162552619404e-03
-2.374816870501708557e-03
-2.498845288653958781e-03
-2.622758299308693489e-03
-2.746547787160813318e-03
-2.870205639847582708e-03
-2.993723748496685856e-03
-3.117094008265092111e-03
-3.240308318887935492e-03
-3.363358585228307975e-03
-3.486236717822116613e-03
-3.608934633429328361e-03
-3.731444255586332907e-03
-3.853757515151488931e-03
-3.975866350861832418e-03
-4.097762709879416987e-03
-4.219438548353883836e-03
-4.340885831968113381e-03
-4.462096536491870491e-03
-4.583062648344612966e-03
-4.703776165143221805e-03
-4.824229096263768848e-03
-4.944413463393015733e-03
-5.064321301085274001e-03
-5.183944657323214314e-03
-5.303275594071050689e-03
-5.422306187836559675e-03
-5.541028530224194337e-03
-5.659434728494795383e-03
-5.777516906122183264e-03
-5.895267203357555663e-03
-6.012677777778075577e-03
-6.129740804850455221e-03
-6.246448478484977265e-03
-6.362793011602439763e-03
-6.478766636679400559e-03
-6.594361606314126482e-03
-6.709570193780120193e-03
-6.824384693582133746e-03
-6.938797422015354106e-03
-7.052800717720067100e-03
-7.166386942238573907e-03
-7.279548480563856339e-03
-7.392277741704489542e-03
-7.504567159222474797e-03
-7.616409191809893689e-03
-7.727796323817539940e-03
-1.092984170738749497e-02
-1.108695352579421207e-02
-1.124338672502435410e-02
-1.139913077225433204e-02
-1.155417517501512378e-02
-1.170850948199292710e-02
-1.186212328377389894e-02
-1.201500621363991647e-02
-1.216714794833096726e-02
-1.231853820880498412e-02
-1.246916676102836387e-02
-1.261902341672325491e-02
-1.276809803413716561e-02
-1.291638051880334911e-02
-1.306386082430499584e-02
-1.321052895302687359e-02
-1.335637495691155072e-02
-1.350138893821661509e-02
-1.364556105025946375e-02
-1.378888149816618822e-02
-1.393134053961798610e-02
-1.407292848559387431e-02
-1.421363570110737926e-02
-1.435345260594802705e-02
-1.449236967540876685e-02
-1.463037744102559622e-02
-1.476746649129297151e-02
-1.490362747240430406e-02
-1.503885108895620416e-02
-1.960509964908763170e-02
-1.977802526308355610e-02
-1.994969964956376171e-02
-2.012011106556675297e-02
-2.028924784842699169e-02
-2.045709841669538301e-02
-2.062365127104263257e-02
-2.078889499514458700e-02
-2.095281825659198877e-02
-2.111540980777003654e-02
-2.127665848673639809e-02
-2.143655321810351844e-02
-2.159508301391892954e-02
-2.175223697451097657e-02
-2.190800428936835395e-02
-1.778884467039206288e-02
-1.792417376101433646e-02
-1.805824770642875873e-02
-1.819105726511409740e-02
-1.832259327819632175e-02
-1.845284667016560201e-02
-1.858180844959915132e-02
-1.295134524413187917e-02
-1.304495170861127637e-02
-1.313758136121285711e-02
-1.322922779510653755e-02
-1.331988466846236764e-02
-1.340954570494821453e-02
-1.349820469425085448e-02
-1.358585549257380377e-02
-1.367249202312779618e-02
-1.375810827663087946e-02
-1.384269831179349777e-02
-1.392625625580355686e-02
-1.400877630479474903e-02
-1.409025272432994948e-02
-1.417067984986871733e-02
-1.425005208721846425e-02
-1.432836391300766274e-02
-1.440560987512257661e-02
-1.448178459316787868e-02
-1.455688275890341075e-02
-1.463089913667186236e-02
-1.478468923397117420e-02
-1.485653036619075454e-02
-1.492727438607771052e-02
-1.499691635234286745e-02
-1.506545139838639039e-02
-1.517331414237788924e-02
-1.523962277702279287e-02
-1.530481031457533482e-02
-1.544976120308307575e-02
-1.551269621115657082e-02
-1.557449660138507906e-02
-1.563515804064868203e-02
-1.569467627359461687e-02
-1.575304712298186000e-02
-1.581026649004912271e-02
-1.586633035483182158e-02
-1.600214835875892264e-02
-1.605589227644134767e-02
-1.610846904731091239e-02
-1.904501107328316484e-02
-1.910401900287698324e-02
-1.916164348214686314e-02
-1.921788044583670058e-02
-1.927272592418319622e-02
-1.932617604324195909e-02
-1.937822702523493007e-02
-1.942887518884931289e-02
-1.951858745368451054e-02
-1.956642038452524601e-02
-1.961284000363350960e-02
-1.965784301859281949e-02
-1.970142623495604178e-02
-1.974358655651305833e-02
-1.978432098558043431e-02
-1.982362662322538494e-02
-1.986150066954834800e-02
-1.989794042390425483e-02
-1.993294328515236163e-02
-2.101899798074630468e-02
-2.105113815377507303e-02
-2.108183339589862065e-02
-2.111108150487739366e-02
-1.397769211723184912e-02
-1.399617697120409884e-02
-1.405412521482316858e-02
-1.407056766892681235e-02
-1.408598681551903944e-02
-1.410038153896886123e-02
-1.411375079505824102e-02
-1.412609361108668748e-02
-1.413740908593493460e-02
-1.414769639016922285e-02
-1.419744222792010402e-02
-1.420567124890698661e-02
-1.421287000924017184e-02
-1.421903796687522779e-02
-1.426466295505339835e-02
-1.426876809815802449e-02
-1.427184121200771906e-02
-1.427388204279506946e-02
-1.427489040885444524e-02
-1.427486620069537762e-02
-1.427380938100402188e-02
-1.427171998466016979e-02
-1.426859811874609495e-02
-1.426444396253098712e-02
-1.425925776747275289e-02
-1.425303985719605926e-02
-1.424579062747938218e-02
-1.423751054622211278e-02
-1.422820015340950026e-02
-1.421786006108079203e-02
-1.420649095328549959e-02
-2.408680992440998675e-02
-2.406491397823095485e-02
-2.404133981229039305e-02
-2.401608900093638727e-02
-2.398916323568315440e-02
-2.290799028502781692e-02
-2.287773539839163539e-02
-2.284581217225165051e-02
-2.281222276433969576e-02
-2.281745052725859396e-02
-2.278053497936596838e-02
-2.274196038838959336e-02
-2.270172937652235184e-02
-2.265984468155492204e-02
-2.261630915668276509e-02
-2.257112577026151867e-02
-2.244334680084348818e-02
-2.239487893231450685e-02
-2.234477285924215892e-02
-2.229303200809822083e-02
-2.223965991923294166e-02
-2.218466024663526270e-02
-2.212803675759740518e-02
-2.206979333244694572e-02
-2.200993396421772885e-02
-2.194846275834169344e-02
-2.188538393232024662e-02
-2.182070181536896122e-02
-2.529640365547481534e-02
-2.521973430138265207e-02
-2.514126905454791561e-02
-2.506101330386999518e-02
-2.497897256243444830e-02
-2.493560766632973644e-02
-2.485001251142402584e-02
-2.476264961537902667e-02
-2.467352498357345755e-02
-2.458264474325307786e-02
-2.449001514304912502e-02
-2.439564255247580332e-02
-2.462308792994874138e-02
-2.452523554826471081e-02
-2.442565976924225210e-02
-2.432436744166066936e-02
-2.422136553254288296e-02
-2.411666112661454281e-02
-2.409112906417276712e-02
-2.398303768689415832e-02
-2.387326570996330111e-02
-2.376182068337375636e-02
-2.364871027188724176e-02
-2.349351797062625147e-02
-2.345794681503652473e-02
-2.333988535564215233e-02
-2.322019027780258815e-02
-2.309886981092065458e-02
-2.297593229535107098e-02
-2.285138618176494815e-02
-2.272524003045865368e-02
-2.259750251067333543e-02
-2.246818239992414562e-02
-2.233728858328487554e-02
-2.220483005267575444e-02
-2.207081590617521877e-02
-2.193525534728641563e-02
-2.179815768419294739e-02
-2.194227297858885456e-02
-2.180211266420665345e-02
-2.170083031114861116e-02
-2.155765979007329136e-02
-1.921696676966192299e-02
-1.908754663319013264e-02
-1.948172328590737010e-02
-1.761358621300812555e-02
-1.897411755849845796e-02
-1.883952934826759948e-02
-1.870367633501609020e-02
-1.687128992717875503e-02
-1.673304751545249755e-02
-1.659356947185811754e-02
-1.641250967044180845e-02
-1.627059182971184875e-02
-1.616781743174131383e-02
-1.160752343366162204e-02
-1.149967207565236529e-02
-1.139094862836861378e-02
-1.128136052314420400e-02
-1.117091524814102337e-02
-1.105962034778082068e-02
-1.094748342216417952e-02
-1.083451212646457766e-02
-1.072071417035530029e-02
-1.060609731740434249e-02
-1.049066938446955796e-02
-1.049538392938981560e-02
-1.037834834491584667e-02
-1.026052538329482768e-02
-1.018222908491930694e-02
-1.078830465523799610e-02
-1.658228746680493609e-02
-1.641895004620088500e-02
-1.629489664438720647e-02
-1.612954834354653200e-02
-1.620493531419449004e-02
-1.595703721900708361e-02
-1.574846819846114493e-02
-1.557922999408715634e-02
-1.540905026664351682e-02
-1.531848202057216682e-02
-1.514644730260009640e-02
-1.497350583542400061e-02
-1.479966933744380521e-02
-1.462494958310083838e-02
-1.473113616267422363e-02
-1.455466161490579467e-02
-1.253312132538033849e-02
-1.811158311956361996e-02
-1.788626859644325620e-02
-1.765993207089215297e-02
-1.743258883167227505e-02
-1.720425422923977862e-02
-1.107275543646076173e-02
-1.086651733121102997e-02
-1.065943301162738596e-02
-1.045151643607617267e-02
-1.024278161302225217e-02
-1.003324260000222276e-02
-9.822913502593608182e-03
-9.611808473381697887e-03
-9.399941710928744892e-03
-9.267715553809882656e-03
-9.054360801632087979e-03
-8.840287152841110052e-03
-8.625508980018776681e-03
-8.811834492630130425e-03
-8.595653587302937160e-03
-8.378811403393587529e-03
-8.161322472849258380e-03
-6.858759130423075848e-03
-6.640121429948872209e-03
-6.822451439384880252e-03
-6.602585485331019521e-03
-6.382146139125991109e-03
-6.161148132453520346e-03
-5.939606227332515712e-03
-5.717535215057927347e-03
-5.494949915158353453e-03
-5.271865174345961857e-03
-5.048295865471768423e-03
-4.824256886474907226e-03
-4.599763159335371922e-03
-4.455059980506640219e-03
-4.229693905689385983e-03
-4.003917968468912771e-03
-3.777747177038904940e-03
-3.551196558405861434e-03
-3.324281157347116350e-03
-3.097016035360168531e-03
-2.869416269624996008e-03
-2.641496951968005848e-03
-2.413273187808940342e-03
-2.184760095134832738e-03
-1.955972803454685428e-03
-1.726926452761321645e-03
-1.497636192506317850e-03
-1.268117180553987805e-03
-1.038384582155776328e-03
-8.084535689220313315e-04
-5.783393177879712650e-04
-3.480570099878644089e-04
-1.176218300358416720e-04
1.129510353065740129e-04
3.436463980467999169e-04
5.744490699772528217e-04
8.053438636991108518e-04
1.036315593630203263e-03
1.267349077022108606e-03
1.498429134969876978e-03
1.729540593415994625e-03
1.960668284158060409e-03
2.191797045853866380e-03
2.422911725015727824e-03
2.653997177010385036e-03
2.885038267056613728e-03
3.116019871212153455e-03
3.346926877361894141e-03
3.577744186210723813e-03
3.808456712258437120e-03
4.039049384781286112e-03
4.269507148813985083e-03
4.499814966115572509e-03
4.729957816144993513e-03
4.959920697023683170e-03
5.189688626504143296e-03
5.419246642925675331e-03
5.648579806171587746e-03
5.877673198624328715e-03
6.106511926113435303e-03
6.335081118862216296e-03
6.563365932426944507e-03
6.791351548641672183e-03
7.019023176546147595e-03
7.246366053318091874e-03
7.473365445204907705e-03
7.700006648439583837e-03
7.926274990165222897e-03
8.152155829348693358e-03
8.377634557689325398e-03
8.602696600525696832e-03
8.827327417740145690e-03
9.051512504660203656e-03
9.275237392943377901e-03
9.498487651478090127e-03
9.721248887257196575e-03
9.943506746272704616e-03
1.016524691438165651e-02
1.038645511817944643e-02
1.060711712587657056e-02
1.082721874815077354e-02
1.112644600227929645e-02
1.134537697142450063e-02
1.156370527115544236e-02
1.178141689105373022e-02
1.199849786742553277e-02
1.221493428412048429e-02
1.243071227338039819e-02
1.264581801664819462e-02
1.286023774539879830e-02
1.347212547952840109e-02
1.368509564669849118e-02
1.282248242796587764e-02
1.303408294954988209e-02
1.324492917399102722e-02
1.345500764600559770e-02
1.406225602419066377e-02
1.427072319684172773e-02
1.447838272608000833e-02
1.476479028974561625e-02
1.497078786729851008e-02
1.517593833007863623e-02
1.538022863126908488e-02
1.558364578505735086e-02
1.578617686737859849e-02
1.598780901665375689e-02
1.618852943452780274e-02
1.368655805574579311e-02
1.390858948895900248e-02
1.412956034610858037e-02
1.434945662600130810e-02
1.693955306850267531e-02
1.193257628501238551e-02
1.238278373342724739e-02
1.255391524139651271e-02
1.272413888307038707e-02
1.289344390593799919e-02
1.306181962035493291e-02
1.330869579137712935e-02
1.347517465157313001e-02
1.360097876326507929e-02
1.368610721724870805e-02
1.408792621226078769e-02
1.429019383288684421e-02
1.445175178126815660e-02
1.242949494809730653e-02
1.330182924683785163e-02
1.341913572520841980e-02
1.353567112720282552e-02
1.377048589695232042e-02
1.388544825694992824e-02
1.399961780851590419e-02
1.411298739225471700e-02
1.422554990174952280e-02
1.433729828396868890e-02
1.444822553961648548e-02
1.455832472352023253e-02
1.466758894499602985e-02
1.961690258286894958e-02
1.976203354706835419e-02
1.986635570504194717e-02
2.000917105318717609e-02
1.848557170025182106e-02
1.862614694632815440e-02
2.023232991029680697e-02
1.866587181776779847e-02
