# spin correlation
-1.998260002393366985e+00
-2.005565367501168428e+00
-2.004719663344608271e+00
-1.991417738007490446e+00
-1.988562842407105791e+00
-1.997841378698215875e+00
-1.989026542824849697e+00
-1.983122484671955732e+00
-1.980158773552719520e+00
-1.965703875268757672e+00
-1.957786481141162271e+00
-1.955853462564856260e+00
-1.953315520966787400e+00
-1.944039637573569568e+00
-1.923896676299326147e+00
-1.923029222635880275e+00
-1.896681496906909903e+00
-1.907829290276489731e+00
-1.886696965346494448e+00
-1.875237111381451216e+00
-1.864659590642894216e+00
-1.842674928567706871e+00
-1.832738969154497521e+00
-1.813425628887185281e+00
-1.799437267411373442e+00
-1.770974170770762912e+00
-1.769227422614952916e+00
-1.749329204748089950e+00
-1.717153596033516028e+00
-1.713292777863190564e+00
-1.683001080986380016e+00
-1.669668192288236153e+00
-1.651229306029447397e+00
-1.620626180499717295e+00
-1.602485959867241405e+00
-1.580410262116152209e+00
-1.556110655686746780e+00
-1.532019657110671673e+00
-1.507617679766425578e+00
-1.486049600032939733e+00
-1.463037564447108974e+00
-1.433435206337007939e+00
-1.412917051136620472e+00
-1.384646703893696706e+00
-1.352151509005306895e+00
-1.321703005830751732e+00
-1.305292649462171051e+00
-1.265952798438027660e+00
-1.245978012595263529e+00
-1.213428795518467940e+00
-1.199998357031043072e+00
-1.172983666054375318e+00
-1.143183241613882961e+00
-1.107060520422331829e+00
-1.085701594546809368e+00
-1.063594419713053130e+00
-1.028837699896484104e+00
-1.002410236862990578e+00
-9.806173938392397371e-01
-9.541254081207016791e-01
-9.259064854495788754e-01
-8.990590526520561010e-01
-8.759714430254549322e-01
-8.484034885780324942e-01
-8.146658086088013340e-01
-7.831634431409877362e-01
-7.686681361765460574e-01
-7.331104358181003144e-01
-7.125628445969686142e-01
-6.783919554777636529e-01
-6.538771896243307236e-01
-6.253061865638642747e-01
-5.993478929833989666e-01
-5.838999951980889946e-01
-5.481748442629499340e-01
-5.212405866070511928e-01
-5.038346966547130323e-01
-4.862084806595016184e-01
-4.519649936059958462e-01
-4.388133069401148889e-01
-4.163481617672182833e-01
-3.940670696324788391e-01
-3.622300130999482337e-01
-3.462192535809089922e-01
-3.220874471396968919e-01
-3.049130147152808723e-01
-2.876891637263410684e-01
-2.770983636255202054e-01
-2.462336789429385997e-01
-2.288625729540013087e-01
-2.121746612617225747e-01
-1.951361048346994254e-01
-1.775453438194662670e-01
-1.633608280308621319e-01
-1.567976070646938114e-01
-1.387446168342733599e-01
-1.272692994444409031e-01
-1.095933356131556513e-01
-9.680735676965800118e-02
-8.874742429327182880e-02
-7.120285245166686761e-02
-6.245858155302166231e-02
-5.009462022342294624e-02
-4.834299673363753186e-02
-4.004117270927258498e-02
-3.172625154903986611e-02
-2.877461754129999674e-02
-1.697475896846434990e-02
-1.840657018020793595e-02
-8.329847743345967712e-03
-9.497905461447440217e-03
-2.629822047177711366e-03
-4.658089615904885059e-03
3.088692305066367653e-03
-2.129887658710504124e-03
7.761326073980090098e-03
7.888206313807604939e-03
8.015056215500415693e-03
8.141869044361276300e-03
8.268638075375443763e-03
8.395356593605187226e-03
8.522017894571281421e-03
8.728557287924119945e-03
8.855075437507695449e-03
8.981516328282115186e-03
9.107873301897717599e-03
9.234139712371755918e-03
9.360308926457713841e-03
9.486374324016987394e-03
9.612329298392251198e-03
9.738167256768247987e-03
9.863881620543506895e-03
9.989465825683921732e-03
1.011491332308982020e-02
1.024021757894652204e-02
1.036537207508450922e-02
1.049037030932870387e-02
1.061520579584712340e-02
1.073987206550183239e-02
1.086436266618801341e-02
1.098867116318373929e-02
1.111279113948092021e-02
1.123671619612616294e-02
1.136043995256003948e-02
1.148395604694011155e-02
1.160725813647437918e-02
1.173033989775187219e-02
1.185319502705557172e-02
1.197581724069896741e-02
1.209820027532939810e-02
1.222033788825783486e-02
1.234222385776082356e-02
1.409742947296636385e-02
1.421862353267644777e-02
1.433954779147329252e-02
1.446019612320429380e-02
1.458056242418998526e-02
1.470064061350736563e-02
1.482042463329123760e-02
1.493990844903223501e-02
1.505908604985438035e-02
1.517795144881221858e-02
1.529649868315742164e-02
1.541472181464515964e-02
1.553261492978558721e-02
1.565017214013778371e-02
1.576738758257662659e-02
1.588425541956123635e-02
1.600076983939663355e-02
1.611692505651327392e-02
1.623271531171362539e-02
1.626860220669793314e-02
1.634389084470910802e-02
1.645856369768566169e-02
1.661260334308349920e-02
1.672649113586182484e-02
1.680023317064729266e-02
1.691332131269897981e-02
1.702599935726914482e-02
1.713826179332569866e-02
1.725010313869301815e-02
1.744097309450043723e-02
1.755194833387441894e-02
1.766248624136233097e-02
1.650166208289742878e-02
1.466551787655335712e-02
1.473530562140113950e-02
1.484434594900618451e-02
1.495292112322303690e-02
1.502132828904274853e-02
1.512896117980204111e-02
1.523611331414492787e-02
1.534277955916666346e-02
1.376739370641099670e-02
1.381008835486700025e-02
1.393157078479320167e-02
1.405246914818734059e-02
1.417277771048553250e-02
1.429249077486392447e-02
1.627570089843416098e-02
1.379434127266433198e-02
1.649305914046408916e-02
1.665697336620185556e-02
1.413873516814344658e-02
1.428569654332164686e-02
1.443185549624865192e-02
1.457720521695336433e-02
1.472173894538939508e-02
1.486544997165613856e-02
1.488944915070605779e-02
1.499188059706402579e-02
1.509347603986222267e-02
1.523384653068446393e-02
1.851981372699495337e-02
1.574968113754775592e-02
1.580823057250818620e-02
1.594512770546731642e-02
1.861564389227580649e-02
1.875057159100907561e-02
1.872622633983733395e-02
1.687976806434727736e-02
1.705175787022358141e-02
2.273777689338844082e-02
2.289541665880998750e-02
2.514968097882961870e-02
2.530492858904101472e-02
2.007440103677721535e-02
2.020106708101301191e-02
1.754075014753247314e-02
1.763939481682299387e-02
2.227655392996071362e-02
2.239928525455779293e-02
2.256060753332366289e-02
2.080874899877301412e-02
2.087648249798465180e-02
2.224773012134945507e-02
2.232607874685093099e-02
2.244298318279387000e-02
2.251935016576064180e-02
1.648803783906079706e-02
1.657826665273431227e-02
1.654909592883477276e-02
1.632148650242943796e-02
1.640932163899888954e-02
1.649634149549337320e-02
1.658254232715800774e-02
1.666792043387557709e-02
1.455579188372592078e-02
1.466798172822973353e-02
1.466090671858328795e-02
1.465311374826371894e-02
1.955959478562470030e-02
1.957154543473435537e-02
1.966155200808775497e-02
2.044229730415007482e-02
2.313869621176375957e-02
2.332519310881620705e-02
2.343149605851284345e-02
2.353659599004096978e-02
2.364048855812590430e-02
2.133254353240805409e-02
2.142441764229853149e-02
2.151518619608380409e-02
2.616711343876126916e-02
2.627416909328389449e-02
2.581730049338656907e-02
2.646518302313211751e-02
2.655916082264087735e-02
2.665189641435689039e-02
2.666444950650189577e-02
2.671522703299035115e-02
2.672529059778292956e-02
2.673410481282247758e-02
2.401808826174028910e-02
2.409524564856148007e-02
2.417125485358001882e-02
2.804435897386043861e-02
2.388582489111744020e-02
2.395839060842150717e-02
2.402979636989914861e-02
2.406059060650741349e-02
2.412966994410827709e-02
2.419758129631707777e-02
2.722094411627234978e-02
3.626269130716482797e-02
3.631458122443759901e-02
3.648312760825220269e-02
3.657112319812559631e-02
3.665744695031558642e-02
3.883101677859058382e-02
3.884127426346560552e-02
3.425319143403215971e-02
3.424804545714114912e-02
2.926657481747009862e-02
2.932587428461982948e-02
2.938385418453562381e-02
2.912510078698725066e-02
3.760090563754740767e-02
3.426320994096358069e-02
2.810446266860809963e-02
2.807701305003439812e-02
3.654825139045068255e-02
3.641851764454332591e-02
3.616869830458433605e-02
3.792719388595487684e-02
3.494506148370227910e-02
3.574560387087106356e-02
3.571680102793363398e-02
3.576523763994642058e-02
3.585149362575820037e-02
2.812336072817163066e-02
2.816003765704426856e-02
2.799831193093347409e-02
2.767760381282948629e-02
2.999432237893901940e-02
3.613975259420154629e-02
3.609950174393944389e-02
3.601811343186678283e-02
3.636847779072049924e-02
3.472226691077558852e-02
3.467030622613512247e-02
3.199916254516006753e-02
3.202094921145714340e-02
3.204138544252280174e-02
3.190285235698771954e-02
3.849642719955179843e-02
3.851763093350296652e-02
3.744537132754673092e-02
3.251733766027493922e-02
3.504249450443217700e-02
3.544072966526679025e-02
3.541289496818673943e-02
3.211908154466251719e-02
3.212672910196386067e-02
3.213289750660018596e-02
3.339418622115621071e-02
3.339772633184619199e-02
3.414830131366446142e-02
3.552403612274166594e-02
3.335558403912389225e-02
3.402235613521466251e-02
3.303250085082357068e-02
3.302597098527836755e-02
3.235311642863351878e-02
3.206800847188563675e-02
3.721212866429956384e-02
3.063386136051942515e-02
3.062085774065783153e-02
2.903023477176383538e-02
2.893547625964524792e-02
2.676368620372891055e-02
2.674638663738713312e-02
2.672775067920264355e-02
3.471040996379323035e-02
3.468522742842627959e-02
3.355507831352365355e-02
2.945278335844869755e-02
2.700865705264592770e-02
2.942535427899091796e-02
2.959449690718513049e-02
3.513155146130252093e-02
3.588545088094554497e-02
3.584470121920377977e-02
3.639343603241819436e-02
3.563990206237567515e-02
3.460876654050389079e-02
3.467949849814081636e-02
3.482738671760149396e-02
3.239394970300910753e-02
3.230583375331499280e-02
3.482747693300199815e-02
4.251449755681226822e-02
4.244440449728788256e-02
4.241170642789372780e-02
3.848179060618893421e-02
3.659673673279885409e-02
3.656258760984779088e-02
3.485304701445676029e-02
3.478064967061274271e-02
3.537674670926894971e-02
2.815975019477184871e-02
2.923605317895038372e-02
3.145439770139851765e-02
3.416988586127636673e-02
3.409271567186353269e-02
3.397449924503548324e-02
3.140967512049810256e-02
2.544979998117534795e-02
3.644526217061362650e-02
3.357526465765891394e-02
2.688115373401829197e-02
2.880653198886872282e-02
2.593592009409088212e-02
2.831227686667599913e-02
2.606798458168855387e-02
2.288947759636012977e-02
2.595851592408770364e-02
2.434361826566917505e-02
2.529773998418459804e-02
2.517208365106499146e-02
2.405868851450919041e-02
2.209275290479654694e-02
2.356395614231555219e-02
2.291999372848287433e-02
2.270878683228880895e-02
2.257520806485817724e-02
2.936881379333924208e-02
2.755361134527559153e-02
2.362243815483405437e-02
2.353189294738410389e-02
2.504605458443569591e-02
2.490495900254463893e-02
2.484156205910261275e-02
2.465847540022484199e-02
2.643910832357143637e-02
2.559155952209882234e-02
2.469402611905078399e-02
2.529790536390159536e-02
2.517805653812096867e-02
2.505688324107893661e-02
2.227568286438924919e-02
2.583753733947622908e-02
2.375240439419255140e-02
2.368571123894845296e-02
2.357843284898846273e-02
2.552576852104992966e-02
2.477386187401683926e-02
2.980944852036988488e-02
2.695952450515110010e-02
2.163977400535978951e-02
2.146479488711793698e-02
2.136760425079713838e-02
2.134822343405835127e-02
2.116951665403180027e-02
2.098957596295258909e-02
2.076887693259053119e-02
2.046788505457018334e-02
2.040288248658339229e-02
2.422732046035943471e-02
1.864811011072517455e-02
2.430560519013623758e-02
2.414513981080668517e-02
2.339016812283107802e-02
2.417639042729171489e-02
2.256509538633035689e-02
2.237227929066409535e-02
2.727844999421711811e-02
2.061255480357113146e-02
2.046835708861517028e-02
2.028356162679803218e-02
2.139114247362457547e-02
2.179945633956784437e-02
2.372305307056795515e-02
2.286353546468968337e-02
2.214479091272611097e-02
2.014475627715722750e-02
1.982095474745517588e-02
1.841246555427411211e-02
1.825824331982477816e-02
1.810306359312250160e-02
1.794693380346821382e-02
1.751263587487473031e-02
1.680011345480679832e-02
1.644306547304579674e-02
1.628313053887621778e-02
1.560727588585569814e-02
1.544548263116673169e-02
1.386095255752842724e-02
1.363224572802585778e-02
1.344234954736324775e-02
1.494793761123230924e-02
1.478174685931891129e-02
1.461469765141361690e-02
1.440715664148053098e-02
1.735689727315440842e-02
1.731665011698148987e-02
1.422232760077013491e-02
1.402133064708763199e-02
1.338314692202965082e-02
1.314055674354592564e-02
1.293669055323707837e-02
1.273190034690727633e-02
1.252619580731487159e-02
1.046135000151485542e-02
1.028443419781258431e-02
1.018612728778190216e-02
1.000771966534410792e-02
9.828575328813525872e-03
9.648702712517309363e-03
9.468110280965308378e-03
8.492837295210624651e-03
9.850212187582904622e-03
9.651706510752403392e-03
9.452455308443342280e-03
9.252467943679471701e-03
9.012037759524875805e-03
1.083630265637574273e-02
1.065993559314636595e-02
1.047349041567113490e-02
1.028641244953451030e-02
1.009871045452234890e-02
8.780609723053315122e-03
8.584687067244450159e-03
8.428008808036093619e-03
8.270844679068328764e-03
8.113202001998789936e-03
7.955088117394351968e-03
7.876029389216793880e-03
7.717002572051328765e-03
7.557526699820330332e-03
7.397609184988459749e-03
7.237257457239856633e-03
7.076478963128215831e-03
6.915281165730448147e-03
6.753671544314351557e-03
6.591657593985949734e-03
6.429246825344470291e-03
6.266446764143317368e-03
6.103264950926205572e-03
5.939708940690749395e-03
5.775786302534913555e-03
5.531880436944873816e-03
5.367239659082168393e-03
5.202255025774489561e-03
5.036934159345184472e-03
4.871284694454253682e-03
4.745145561217285410e-03
4.827521188790776831e-03
4.625994940371002881e-03
4.424108090837446453e-03
4.221869982004765320e-03
5.209295181014109155e-03
1.162865899923169744e-03
9.816065550884822254e-04
7.601512958874910835e-04
5.383649179457616635e-04
-3.873765975503474590e-04
1.255895881669261941e-04
-7.938411115436232331e-05
-2.846248202810831613e-04
-4.901230787799720984e-04
-7.756491392231833291e-04
-9.816419800745474541e-04
-1.227761712797047688e-03
-1.587430711120371707e-03
-1.829846649251817229e-03
-2.072497524033339259e-03
-2.275458530495883501e-03
-2.079448265700814015e-03
5.915850669601825651e-04
1.887424513336539522e-04
-6.086948766683676843e-04
-7.763945968111415430e-04
-9.841576817512392734e-04
-1.455200916724457873e-03
-1.605295823728319568e-03
-1.715529836697750722e-03
-1.976171813429206895e-03
-1.744945059090220697e-03
-1.873360215555099724e-03
-1.881930106508078807e-03
-1.530792348846186533e-03
-1.459404915295341556e-03
-1.667842339292074580e-03
-1.876308805475610615e-03
-2.619340669300538986e-03
-2.678714208249324911e-03
-2.923280113223253578e-03
-1.927911526231315936e-03
-2.965547185925598069e-03
-2.447091373725922368e-03
-2.615417472176508051e-03
-2.823702185931787310e-03
-3.710984095237314200e-03
-3.817125332144033403e-03
-5.678956797847229884e-03
-5.322652176508388400e-03
-5.566618490515175960e-03
-9.445400461254537666e-03
-8.190013882507261173e-03
-8.415881741534975841e-03
-8.561506331976668355e-03
-8.666906990389909235e-03
-8.972406396781349575e-03
-9.237685371507172935e-03
-9.422656339271296561e-03
-6.704855018509800479e-03
-4.533359279628866763e-03
-4.619241225508571511e-03
-3.778567724964337297e-03
-7.836786025365791164e-03
-8.603767302110418291e-03
-8.826815826389774328e-03
-9.049789217710680136e-03
-6.452711635398582571e-03
-8.692798162134859202e-03
-7.904317648215735542e-03
-8.148503667214649498e-03
-7.105899555619525805e-03
-8.194693807044224274e-03
-6.592231696901667930e-03
-1.193133727757953247e-02
-1.197363472829242152e-02
-1.019970231081998059e-02
-1.149515806217928440e-02
-1.061296050652593692e-02
-8.624664887575832911e-03
-7.203362823879145074e-03
-8.565240722961437250e-03
-5.117700969958282296e-03
-4.938179324839115682e-03
-1.121299149925632233e-02
-1.599435337999888934e-02
-1.108880661139360554e-02
-1.132066830666115208e-02
-1.487241794666825309e-02
-1.430601028777084283e-02
-1.523660413473818323e-02
-1.731728028949735404e-02
-1.368296559496341713e-02
-1.569049343321857193e-02
-1.316978560131112572e-02
-1.234027139946188532e-02
-1.394575483234302728e-02
-1.332746193214042266e-02
-1.339213292314502847e-02
-8.999910982549255353e-03
-9.375721248077686920e-03
-1.336149956912933111e-02
-1.198856573461486684e-02
-1.279392160613646544e-02
-1.457459714239164525e-02
-1.307291012253134280e-02
-1.424713041384476075e-02
-1.881388142303096894e-02
-1.798629617814742968e-02
-1.667467075983002436e-02
-1.514718188997195292e-02
-1.270116301769148512e-02
-1.341350590824030506e-02
-8.658159320528265729e-03
-1.457208293683079706e-02
-9.393791025502263789e-03
-1.079474136455826558e-02
-1.718367752678151908e-02
-1.751559736276660575e-02
-1.604100787503203590e-02
-1.393797155180594681e-02
-1.409070732524622151e-02
-2.173485760225785102e-02
-1.384437678170519215e-02
-1.620958881557977085e-02
-1.263295312082429733e-02
-1.886829306180547172e-02
-1.711896015619778291e-02
-1.354557603980450185e-02
-1.368801965433611920e-02
-1.334582614308895201e-02
-1.450506763883864167e-02
-1.445834885988834216e-02
-1.538091366090109900e-02
-1.694476404293535077e-02
-1.276727880709674877e-02
-1.159904791750710450e-02
-1.126388822064498980e-02
-1.002841882782555712e-02
-1.366349452089370489e-02
-1.408099847119442284e-02
-1.675847524871253505e-02
-9.619208063844600365e-03
-1.552069464480248422e-03
-3.257685083042762084e-03
-5.211948217333716230e-03
-1.148354336885099199e-02
-1.642844726519179441e-02
-1.966985734009141229e-02
-1.720966700888026946e-02
-1.835753361049663121e-02
-1.859302247544144387e-02
-2.803915785903248262e-02
-1.613417444640366169e-02
-1.932758211176842378e-02
-2.245187246176539447e-02
-1.414497787050703406e-02
-1.653980603840702474e-02
-1.685705255478685619e-02
-1.883365488682229791e-02
-1.753501556488240576e-02
-1.671467423752289599e-02
-1.507802772626067565e-02
-2.194990168933840663e-02
-2.041495711353342318e-02
-2.012144410681403553e-02
-2.051427993636615460e-02
-2.502703888206283395e-02
-1.853913648139293713e-02
-2.392967779102673706e-02
-2.284342289860619157e-02
-1.578566269714258216e-02
-1.139186792228980352e-02
-1.165115237192418558e-02
-2.162864000287099270e-02
-1.246383205035846847e-02
-1.763966456058642732e-02
-1.576431208089452973e-02
-1.414232279111685142e-02
-1.722387360451747493e-02
-1.594771852452597782e-02
-8.988987624688960648e-03
-1.297261669702992962e-02
-1.864302041683080571e-02
-1.929854664927466851e-02
-2.335425390302290488e-02
-1.453243065873582873e-02
-1.498786292781641508e-02
-1.415862049675595605e-02
-1.564887593420716955e-02
-1.466762092918321922e-02
-1.705415282176784772e-02
-1.557721507574387140e-02
-1.384478494595045052e-02
-1.279606348581375543e-02
-1.626489773912755815e-02
-2.170282612217949020e-02
-2.268445327309467907e-02
-2.358367052457306309e-02
-2.229957677028233595e-02
-1.897088816970905756e-02
-1.547236373761642567e-02
-1.965045498425196241e-02
-2.045310686991212712e-02
-2.934408634393224219e-02
-2.294867407381104979e-02
-1.572868708755711595e-02
-1.694836819119611981e-02
-2.288030993227583437e-02
-1.641821472527291853e-02
-1.756113779128594052e-02
-1.996727254243169797e-02
-1.775011835443015412e-02
-2.181918194497017155e-02
-1.825803189025744858e-02
-1.583856879980244728e-02
-1.819507260277462152e-02
-1.721705985556367530e-02
-1.607963665873035630e-02
-2.064359118506636781e-02
-6.172603120690088596e-03
4.917232651358678045e-04
-9.123474177099841209e-03
-1.594200998890749760e-02
-1.076877560289038992e-02
-1.545885884653875296e-02
-2.258815321097313103e-02
-2.135704928998251664e-02
-1.699487221989378488e-02
-2.035739097582712695e-02
-2.006215330868979518e-02
-1.622523768308693423e-02
-1.768195712595885261e-02
-1.730118699933622106e-02
-1.751245956563559497e-02
-1.515586559262497267e-02
-1.384332146094025516e-02
-2.274145137057383831e-02
-1.525471280918901107e-02
-1.580661069391070539e-02
-1.408114414801171256e-02
-2.060854767919987479e-02
-1.734237659083522412e-02
-1.952862408105871667e-02
-1.840591724058937909e-02
-1.153639468207025114e-02
-1.972760833094382854e-02
-1.766875610191278451e-02
-2.080133080851208002e-02
-2.109499477903186565e-02
-1.434902281888519350e-02
-1.284719486424130627e-02
-7.554911008404059658e-03
-6.387660314073049551e-04
-5.858489380166784048e-03
-1.484474815647000498e-02
-5.648605340845781406e-03
-1.469934979719038359e-02
-1.637846716768993644e-03
-4.443672970281834986e-03
-6.174735300793259864e-03
-5.793452177019547608e-03
-7.484603070560617508e-03
-2.145901183460090841e-03
-9.876858982464551632e-04
-4.984500090836898115e-03
-3.455361045766533468e-03
-1.855660985350756254e-04
-1.006361930822590334e-03
-8.347364074309641252e-03
-8.361580306189221948e-03
-5.352425859062633594e-03
-2.023404692595399349e-03
-3.696121195780789712e-03
-5.419127904199337945e-03
-7.802833500388024757e-03
-9.746153962378569652e-03
-8.207519290378400070e-03
-8.413543905434547540e-03
-8.090451750537653100e-03
-8.984187583459096391e-03
-7.092313354715914023e-03
-9.184311123923294060e-03
-1.618663355125699380e-02
-7.846860708663559031e-03
-6.328214928369345349e-03
-9.587487670402052020e-03
-1.311810249714872798e-02
-1.066208720917165981e-02
-1.328192779902579237e-02
-1.123840921706949214e-02
-9.717517748591726970e-03
-1.002758233235444621e-02
-9.686756682052332507e-03
-1.027907104441372690e-02
-3.283357419632022042e-03
-4.675623477779092610e-04
2.725685631475930075e-04
4.744793797766021400e-03
1.844534702351891377e-03
1.020022475030339486e-03
-1.745310967762896820e-02
-1.373862762241153355e-02
-1.181391042749845369e-02
-1.484206684351488045e-02
-1.524934120859244499e-02
2.000131078118575455e-03
-1.932985372212849646e-03
-8.796884060279421685e-04
-8.095925595061695141e-04
-7.790734551754330706e-04
-2.777146364882908045e-03
-2.582194149598883957e-03
-2.548597483650810042e-03
-4.124041517763884016e-03
-1.121631895298225200e-03
-2.587877493168931552e-05
1.979301648054355989e-03
-3.475488553670427532e-04
2.544393305415935860e-03
-3.021610704401288261e-03
-2.930635293741557564e-03
6.315432210007490728e-03
6.394838546093349271e-03
7.773699968820112043e-03
4.120826762395250406e-03
1.883957482223351868e-03
2.763693120531394553e-03
4.986148228926144893e-04
4.534731843216181085e-03
-7.101381033740486026e-04
-4.319242059754336942e-03
1.287747208840658852e-03
5.057760355962976013e-04
5.770540486999597768e-04
7.521532221674497379e-03
4.500360549349401162e-03
2.903972833572352526e-03
-1.812346038671357185e-03
-4.377417705690284620e-03
-5.399869940716122037e-03
-1.077293915933236201e-02
-9.839615102358706053e-03
-4.120451685320963842e-03
-4.043245519582755292e-03
-4.451552426117008979e-03
-4.837626187240863691e-03
-3.371431141123713664e-03
-4.058770416348127588e-03
-6.070221443004413311e-03
-5.971876131193066921e-03
-6.074962193506454507e-03
-5.933501598651585648e-03
-5.425909978561167454e-03
-5.322463298431433579e-03
-5.501505154008147665e-03
-5.395518802681941069e-03
-4.882948107900802678e-03
-6.152524527055889744e-03
-5.880622636869457624e-03
-5.891184202172024612e-03
-2.427962582740388585e-03
-2.322893972247684190e-03
-2.216688049877102960e-03
-2.882026366165055080e-03
-5.554976490493862204e-03
-5.427972312767272677e-03
-5.299675214207004784e-03
-5.170090862498689238e-03
-4.998715447263452766e-03
-4.826068384502258356e-03
-4.692660876433185115e-03
-2.587563561567903479e-03
-2.510680979047105917e-03
-2.392211523755541965e-03
-2.272663592458551256e-03
-2.152042379458667457e-03
-1.989860748338403377e-03
-3.723744027205135032e-03
-3.580390000770437668e-03
-3.476305498775139093e-03
-3.371006511311376661e-03
-3.224018196066358831e-03
-3.075832412472496828e-03
-2.926455451850554917e-03
-1.773176306377421377e-04
5.285381116363078915e-04
6.605287630632601095e-04
-2.259087094893382115e-03
-2.033449298272506194e-03
-2.049517095687298195e-03
-1.902658575899197901e-03
-3.792041012459978697e-04
-6.348546579463366446e-04
-2.017239124807087018e-04
-5.072970077013962478e-05
-3.031647406472602916e-04
-1.905199705832207513e-04
1.658040049417351723e-04
3.209261593972790910e-04
2.579744238129837598e-03
3.015944038141650432e-03
1.787769350764653901e-03
1.867907296542643553e-03
2.489768729685485488e-03
-4.349338542567547758e-04
-3.113942185626546004e-03
-2.962458033396873219e-03
2.034616539869579972e-03
3.226244380952564272e-03
1.076273337438514617e-02
1.086427380923810082e-02
1.216564609869393541e-02
1.407443418994143089e-02
9.959039321528005001e-03
1.100532324311390489e-02
8.843165167215127215e-03
1.026713942315809341e-02
1.406067504187687688e-02
1.025112868102339043e-02
1.186183022178596488e-02
1.204385719260602818e-02
1.358965849457308139e-02
1.423171252356348823e-02
1.438478562303225315e-02
9.420556342787940463e-03
8.242124072126641443e-03
1.202426194123668371e-02
1.031163213629010707e-02
1.179711040754850490e-02
1.104065233981225969e-02
1.009478776063633086e-02
7.293915368677930840e-03
7.961464856223971626e-03
8.053125921694628125e-03
1.012169739148666668e-02
1.021429842072658564e-02
1.034776633441297777e-02
8.818282164591259228e-03
9.289384366329769827e-03
2.534027181030836049e-03
7.675950243544447590e-03
5.199214602103307929e-03
6.803423320944747624e-03
7.368111397959571218e-04
1.105631342521050733e-02
1.344107886813812949e-02
1.361708973992423188e-02
1.115445593066262571e-02
8.499658694745813176e-03
4.433221773994348858e-03
4.924226923846510874e-03
6.585066047415785370e-03
6.637332048085477568e-03
4.205856040590515328e-03
5.198176237122017866e-03
8.497938180258398505e-03
1.074784619817709293e-02
1.116142731054975759e-02
9.614493089990487282e-03
4.998894504774334564e-03
7.901196231831972977e-03
9.283843644744649987e-03
1.034506461719080644e-02
1.015925382203091906e-02
9.611865252923663602e-03
9.225976565498540671e-03
1.224972155603061726e-02
1.226637242178975698e-02
1.406321643954640786e-02
1.257828419387779263e-02
1.316662684871845214e-02
