# spin correlation
-1.998260000183387675e+00
-2.010583167313758413e+00
-2.002222189249951434e+00
-1.996735498991053959e+00
-1.987296077307510789e+00
-1.993685419969994710e+00
-1.991957268403699244e+00
-1.985981775655372816e+00
-1.974807068754034889e+00
-1.964418981593082147e+00
-1.965433393148120711e+00
-1.951321220031057679e+00
-1.949093782553929399e+00
-1.940748558677608759e+00
-1.936703540991473460e+00
-1.913137831338482142e+00
-1.905038368480710842e+00
-1.896936070316262546e+00
-1.889918450826864271e+00
-1.881256839064884279e+00
-1.848242568669283825e+00
-1.846436686888224044e+00
-1.824985710983485276e+00
-1.815935111640488930e+00
-1.804427571954440923e+00
-1.774559118959633919e+00
-1.761386629145450300e+00
-1.745497743896202492e+00
-1.714332919951910394e+00
-1.712250560103311559e+00
-1.690875455903003921e+00
-1.669877865110351411e+00
-1.650269412806559810e+00
-1.618747905179859670e+00
-1.600390296733064543e+00
-1.581101840428602578e+00
-1.555263065920660548e+00
-1.531319600784021517e+00
-1.506763965713642461e+00
-1.485086323139559683e+00
-1.462111411892224710e+00
-1.432521959594549532e+00
-1.411997682990959735e+00
-1.383709261485100983e+00
-1.351229194801620626e+00
-1.320792883260223149e+00
-1.304292911230627627e+00
-1.265139225541545009e+00
-1.244054497014373650e+00
-1.208109273089615687e+00
-1.198904119215117969e+00
-1.166190887803190579e+00
-1.140390201687903060e+00
-1.107468961411849584e+00
-1.086843046534956336e+00
-1.055964884089732880e+00
-1.029610372199624369e+00
-1.000357881291830342e+00
-9.772447092981385586e-01
-9.552780323228777792e-01
-9.227558979728268662e-01
-8.991947830394171337e-01
-8.714160013258653859e-01
-8.508554077331019760e-01
-8.218742639643800141e-01
-7.802516003791482024e-01
-7.658858665260439569e-01
-7.362733159636406510e-01
-7.123491797374217338e-01
-6.761134846032963441e-01
-6.504092561473285850e-01
-6.300517567706176436e-01
-6.043576406496927733e-01
-5.817038058822605606e-01
-5.515482165488891919e-01
-5.276358239451719445e-01
-4.952404779426740622e-01
-4.763824954754875551e-01
-4.617766175552960872e-01
-4.387326651203259931e-01
-4.120706088872993500e-01
-3.852423466302623556e-01
-3.580175011319473577e-01
-3.447276574005272987e-01
-3.227254869568592643e-01
-3.026636007443838094e-01
-2.806118866993364547e-01
-2.738916488865091314e-01
-2.454903638013324341e-01
-2.307150334786106094e-01
-2.101504251123257616e-01
-1.977770779872939089e-01
-1.862846484090922294e-01
-1.644928757467268299e-01
-1.533926332921828894e-01
-1.382646210971916756e-01
-1.221716504415425869e-01
-1.095960082387779921e-01
-9.411199348076608462e-02
-8.432560468545834131e-02
-7.419213082793954528e-02
-6.456928894067998081e-02
-5.211302154781481677e-02
-4.773556137582716380e-02
-4.224796735492770960e-02
-3.091455192514511174e-02
-3.005010633699833900e-02
-1.409208318325589140e-02
-1.475900315328945375e-02
-4.868470037106779197e-03
-4.819894995828791738e-03
-5.305014051870783100e-03
-2.583253885318970676e-03
3.461847431711414982e-03
6.882180659797884625e-04
1.691690719703851237e-03
1.794492621844004420e-03
1.897269597832876558e-03
2.000016245903854864e-03
2.102727171883154392e-03
2.205396989472865714e-03
2.308020320550528432e-03
2.410591795447564710e-03
2.513106053235242363e-03
2.615557742015058897e-03
2.717941519196165855e-03
2.820252051776810792e-03
2.922484016624211922e-03
3.024632100752894931e-03
3.126691001596322052e-03
3.228655427291477788e-03
3.330520096937032628e-03
3.432279740875995855e-03
3.533929100961054511e-03
3.635462930817079993e-03
3.736875996118749731e-03
3.838163074840660050e-03
3.939318957532491478e-03
4.040338447567222956e-03
4.141216361412873234e-03
4.241947528878881046e-03
4.342526793376223423e-03
4.442949012173188529e-03
4.543209056643274582e-03
4.643301812514292679e-03
4.743222180122043212e-03
4.842965074653897070e-03
4.942525426388321916e-03
5.041898180948699987e-03
5.180941220626802089e-03
5.279919714137544344e-03
5.378695549890210800e-03
5.477263737452604635e-03
5.575619302917488376e-03
5.673757289136891271e-03
5.771672755945612791e-03
5.869360780397081707e-03
5.966816456984973087e-03
6.064034897870628806e-03
6.081363934754501453e-03
6.178101064485583618e-03
6.274586383026818995e-03
6.291190971741525244e-03
6.387165930913298040e-03
6.482874668006189008e-03
6.578312424211946174e-03
6.673474460119355363e-03
6.768356055922577878e-03
6.862952511630032899e-03
6.957259147263579295e-03
7.051271303065974674e-03
7.144984339697485476e-03
6.244041067960246459e-03
6.337235281056630316e-03
6.430116268034413718e-03
6.522679468630288198e-03
6.614920343993401300e-03
6.547812056985634170e-03
6.718913242893221130e-03
6.810167430556543326e-03
6.901081328240449460e-03
6.991650506610613998e-03
7.081870558853037290e-03
7.171737100854602524e-03
7.042696666653485219e-03
7.149590444302270260e-03
7.256045186712166591e-03
7.362055757982198870e-03
7.467617050474934307e-03
7.969849182098301052e-03
8.153879835616292468e-03
8.258021205763634368e-03
8.361693341308576791e-03
8.464891280811246213e-03
8.567610092224637458e-03
8.669844873073050823e-03
8.771590750634123551e-03
8.872842882118316468e-03
8.973596454845333623e-03
9.073846686413894469e-03
9.173588824872118408e-03
9.272818148896872642e-03
9.371529967945536194e-03
9.469719622432268627e-03
1.290436726425842409e-02
1.303353013950036589e-02
1.316198150933451348e-02
1.328971536078298044e-02
1.341672572294042541e-02
1.354300666715662661e-02
1.711577755194353470e-02
1.727154444287159335e-02
1.742638008115278761e-02
1.758027729252769483e-02
1.769197739216359783e-02
1.782873357434413761e-02
1.484953279637282741e-02
1.495468030289819061e-02
1.505914440926511312e-02
1.516292030372392609e-02
1.526600321329181151e-02
1.536838840389307369e-02
1.547007118050282813e-02
1.549184003337001313e-02
1.559210980880972909e-02
1.557287020190638305e-02
1.567171133885032416e-02
1.576982707288861890e-02
1.578803445169866398e-02
1.812354220721638237e-02
1.823305851914861636e-02
1.830214624035884918e-02
1.840996516044019968e-02
1.851692670123335563e-02
1.862302605268565184e-02
2.190187279889111924e-02
1.843694254024901349e-02
1.850088785965139232e-02
1.860351963344406695e-02
1.870526561927316270e-02
1.876656388659427716e-02
1.882697237013257127e-02
1.892603896606367617e-02
1.902420188511558252e-02
1.912145678440962254e-02
1.921779936856508192e-02
1.931322538978133899e-02
2.609742173026543405e-02
2.725391517134700958e-02
2.734155242019032511e-02
2.746744950403132851e-02
2.767112507434392812e-02
2.779444497974107448e-02
2.791647051946359939e-02
2.803719639546243744e-02
3.008118945135941982e-02
3.017051257571289405e-02
3.029792388408899390e-02
3.010776952227034453e-02
3.023231313301968232e-02
3.027638304847373243e-02
2.555446506420267980e-02
2.565466458330213292e-02
2.575364037506338438e-02
2.585138822317956109e-02
2.563189046449356606e-02
2.238767394458918841e-02
2.436828807808829114e-02
2.449128848678742282e-02
1.930063250999016281e-02
1.936387702549052098e-02
1.930776747329472284e-02
2.678378124716235265e-02
2.676057442366603506e-02
2.677546950845752227e-02
3.106076018862221136e-02
3.291319624879179839e-02
3.000970594152007134e-02
3.076898049115158254e-02
3.077672339138817770e-02
3.086200997688492986e-02
3.094587916015025322e-02
3.106780015192795938e-02
2.335725045950082235e-02
2.342246694437211813e-02
2.348650917547896039e-02
2.123081383907152522e-02
2.357159512105804627e-02
2.236548363847338378e-02
2.471745612303035550e-02
2.288140255376554938e-02
2.289891595661160822e-02
2.283632201582478857e-02
2.324603552776429230e-02
2.159802709537313528e-02
2.159904799714782928e-02
2.155968311923667224e-02
2.560269374809025916e-02
2.564573801173948217e-02
2.568771246938742966e-02
2.572861554177499621e-02
2.584734393374672062e-02
2.035091552141598051e-02
2.513483169916500698e-02
2.513200461503735730e-02
3.240730598907193283e-02
3.006350382104855390e-02
3.002642070959679610e-02
2.770030084912507989e-02
2.781833322226755570e-02
2.781668246354606147e-02
2.445607480435588871e-02
2.448762790529355332e-02
2.451795572047181862e-02
2.590345347809180215e-02
2.593447855206603217e-02
2.659513842262762814e-02
2.814661242399568719e-02
2.813683676028722047e-02
2.651815694848465993e-02
2.496493114242083824e-02
2.621025282884523883e-02
2.619227456077866112e-02
2.613349351813791868e-02
2.536195312102913421e-02
2.561073056676237830e-02
2.416436916802145937e-02
2.295352994398677793e-02
2.292458633012713770e-02
2.277624835153395019e-02
2.128612178798847815e-02
2.303959466318377877e-02
2.122056435166368507e-02
2.122556905280183551e-02
2.327991784593187036e-02
2.672702458782579352e-02
2.562492463808948434e-02
2.562567436316006211e-02
2.416622515879719366e-02
2.420393914105347169e-02
2.688233967718180878e-02
2.687816339807793178e-02
2.484891871811579361e-02
2.511898555538911657e-02
2.606961180219903931e-02
2.384195904048422993e-02
2.383271997878761914e-02
2.311259702604577179e-02
2.492172795871308577e-02
2.490771509132482658e-02
2.485304329308674759e-02
2.511262094750609658e-02
2.284740377079442705e-02
2.554925604929815172e-02
2.438550589837959470e-02
2.436415438179572596e-02
2.430214810636714337e-02
2.431779815048605922e-02
2.024536651156914197e-02
1.840780770937149730e-02
1.842274028609642775e-02
1.379067749098908044e-02
1.377050692765914922e-02
1.438058257549747546e-02
1.435880804831724845e-02
1.496910087164258704e-02
1.624352883764070693e-02
1.893705686447336167e-02
2.193523933546602175e-02
2.190116185688054107e-02
2.182657637692551542e-02
1.930518480675411097e-02
1.318116198299276731e-02
2.187260525138029488e-02
3.442588284162147877e-02
2.372594955892436824e-02
2.340837099654832082e-02
2.336590648973644810e-02
2.283002864992482797e-02
1.793633345640682428e-02
1.789627539780722434e-02
1.987115393471188332e-02
2.719488663889134752e-02
2.704916486497179612e-02
3.043882908144037239e-02
3.036296868493021384e-02
2.660347876726624691e-02
2.700460774994823537e-02
2.618088671847618176e-02
2.559252457486443921e-02
2.535795862270333670e-02
2.524040263256074890e-02
2.642405623705107454e-02
2.823549954864888398e-02
2.827431597618054043e-02
2.854612217842151731e-02
2.838231867286111765e-02
3.016295537799762450e-02
3.010694417848219090e-02
3.000997135299310337e-02
2.959563937512914647e-02
3.180399373642778249e-02
3.069743215881124906e-02
2.984430741997952732e-02
2.823930762927670535e-02
2.813349322073431177e-02
2.802623164091611052e-02
2.463445396666352066e-02
2.295784930244490832e-02
1.692760036335051038e-02
1.935688351564011228e-02
1.915228732544679499e-02
2.083993734703603121e-02
2.067582529927167873e-02
2.257894375572904594e-02
2.188607588031909329e-02
1.637462009558402973e-02
1.624258883263827655e-02
1.618855509804578013e-02
1.621253601371358197e-02
1.607740768514172996e-02
1.594125192525926854e-02
1.564596178320941736e-02
1.550775621671642880e-02
1.324372530233779675e-02
1.736317508821974553e-02
1.160074154082759747e-02
1.755442715116757937e-02
1.745089550367661183e-02
1.818884574875908461e-02
1.692451845390892037e-02
1.685758148067688714e-02
1.667102839317742904e-02
1.604446880389887378e-02
1.641367621219213396e-02
1.626378568144988199e-02
1.615250344860880150e-02
1.749826074142821208e-02
2.453662647661748394e-02
2.438496429590865724e-02
2.067069522659665051e-02
2.051633992140148438e-02
1.813527417516643328e-02
1.854555465296318234e-02
1.840066580969149448e-02
1.825467855632251224e-02
1.810759986010337247e-02
1.768231149008489544e-02
1.697876332641071184e-02
1.667001586642633676e-02
1.651857303207229094e-02
1.656407551347720969e-02
1.463602400668886395e-02
1.449541744103476949e-02
1.431426207695224960e-02
1.610216475716082576e-02
1.594451980474159009e-02
1.578586302504689232e-02
1.437272470918106448e-02
1.641650217286133584e-02
1.336221406691137127e-02
1.319944076972108006e-02
1.259973950823930003e-02
1.239535700005343390e-02
1.222964761970989425e-02
1.206298711630405043e-02
9.428102457841321116e-03
9.369363330186857367e-03
9.230577821250762066e-03
9.091041006209246017e-03
8.950759519518873206e-03
8.095864708503057797e-03
4.879058844366445172e-03
4.767961747043990284e-03
8.424884010576505489e-03
6.168277569524791698e-03
6.071729756070495809e-03
5.538251187607800934e-03
5.440745986177733529e-03
5.422157418299743299e-03
5.403132464145987864e-03
3.581699568105594506e-03
3.545140134319215049e-03
4.402613078498849447e-03
4.212696809546240088e-03
4.339773616379551460e-03
4.188302424522416870e-03
3.877355777550015124e-03
3.724623045135959896e-03
3.571277135481684770e-03
5.323989040794306626e-03
5.129877557011805304e-03
4.974897622972344544e-03
4.819334446377953468e-03
4.782403254714233387e-03
4.625706242402014522e-03
4.309476652349640904e-03
4.151651243527778798e-03
3.993279836894961070e-03
3.834369964877507551e-03
3.674929186109399983e-03
3.514965085105348219e-03
3.354485271920033731e-03
5.624311719770977956e-03
5.427200684115797077e-03
5.229487317169098821e-03
4.991402601998273098e-03
4.792509295706467477e-03
4.593042044703481673e-03
4.393010372943388121e-03
4.192423832733513031e-03
3.991292004303600462e-03
3.789624495372137525e-03
3.587430940707393885e-03
3.384721001689529850e-03
3.181504365860503281e-03
2.977790746491858036e-03
2.773589882133547548e-03
2.568911536153536176e-03
2.363765496307635491e-03
2.158161574269713400e-03
1.952109605178323302e-03
1.785456883737288145e-03
1.578542177324285299e-03
1.371209073063886291e-03
-4.610295576921194342e-04
-6.315430562626883366e-04
-8.023747252106075076e-04
-9.735164131699062823e-04
-1.144959952890519609e-03
-1.316697161635009116e-03
-1.329233712223166488e-03
-1.501518364546133161e-03
-1.674072024682029397e-03
-1.966535496641638129e-03
-2.139613955186398138e-03
-2.273045979133042453e-03
-4.361539119155648236e-03
-4.535506684462985334e-03
-4.629889341929874051e-03
-4.724467833468876804e-03
-5.178423749957623487e-03
-5.313317537429475615e-03
-4.270705821963103992e-03
-4.486897368773768574e-03
-1.799806461654759274e-03
-1.916763109815408650e-03
-2.113689017575202771e-03
-1.791544201835654909e-03
-1.908757169077337276e-03
-1.233199546418356453e-03
-5.165092925750153219e-03
-5.302299400146240696e-03
-5.368641796096610026e-03
-4.745730357656604073e-03
-4.922038233501345970e-03
-5.098422841052554014e-03
-5.354820456429465123e-03
-6.374830413891400920e-03
-6.590483453447035407e-03
-6.766203649466054001e-03
-6.542076502680316610e-03
-3.838391994991532333e-03
-4.394286305686051844e-03
-5.229322006512006002e-03
-5.444887684951254386e-03
-5.622413176542841694e-03
-5.778440649886651577e-03
-5.894416482030764674e-03
-6.467013957080434625e-03
-6.882553054089603044e-03
-7.097932144858943790e-03
-6.592676810737106360e-03
-6.527582789822175199e-03
-6.742612978319689407e-03
-6.957538801825554828e-03
-7.733005534333261058e-03
-8.079709857730623529e-03
-4.508515220109849883e-03
-4.942274127214291157e-03
-7.399457830567049074e-03
-6.583381351041789516e-03
-6.718436080003512001e-03
-6.933479929854028181e-03
-6.947981618573298261e-03
-7.603594752355380230e-03
-7.016464674395999149e-03
-7.190706170045871315e-03
-1.070901643071714426e-02
-9.380428827734463987e-03
-1.011831511042516306e-02
-1.021175483286661245e-02
-1.026484320753323284e-02
-1.051823753343829326e-02
-1.073128700477188682e-02
-8.413150236212934077e-03
-8.002420465947329004e-03
-1.015948222854956562e-02
-8.932246080126368670e-03
-9.063468118788480660e-03
-8.964352007933013705e-03
-9.515154643434293319e-03
-1.092511969110420908e-02
-1.091057854691084017e-02
-9.048431783841381568e-03
-1.063908440893920199e-02
-1.054271419932708079e-02
-1.080730892325932994e-02
-9.384996252534517219e-03
-7.161678712267960205e-03
-1.304861019359384103e-02
-1.365464738079616436e-02
-1.369769152275782109e-02
-1.253455987325783824e-02
-1.324849516968442352e-02
-1.338846833290116556e-02
-1.003565378391098502e-02
-8.184253597000595501e-03
-1.064600018283255387e-02
-6.830224173415906826e-03
-6.613375354245864743e-03
-8.768910393659203745e-03
-1.160815980750399753e-02
-9.177975634200787047e-03
-9.321541368074207426e-03
-1.129039999609258646e-02
-9.482040381245239111e-03
-1.023306000226149697e-02
-1.371447075870007096e-02
-9.765411334509531069e-03
-1.213733324251467689e-02
-1.108754081411681205e-02
-9.890203689767691070e-03
-1.220653770867170460e-02
-1.228213357366267529e-02
-9.420866978826214488e-03
-8.269953709898062236e-03
-1.085414066217340115e-02
-1.374668784809177959e-02
-1.244982942053831851e-02
-1.070873513288715835e-02
-1.293889683145901803e-02
-1.291252726991510245e-02
-1.139465725875112370e-02
-1.360935670631250802e-02
-1.702521658433497204e-02
-1.831907122409480448e-02
-1.956614106080755214e-02
-1.755926453420954964e-02
-1.471288170762115668e-02
-1.574784270468708447e-02
-1.348996228536573395e-02
-9.752695647632805484e-03
-9.154755281000813427e-03
-9.282038749770221003e-03
-9.005719649967765944e-03
-1.640719587030289861e-02
-1.252428950955396247e-02
-1.572079506699435372e-02
-1.670871675048368060e-02
-1.748328252666537033e-02
-2.067821976520369670e-02
-1.073607300598919921e-02
-1.697694110042094473e-02
-2.034567710070202956e-02
-2.016192136554647435e-02
-1.803579111168208265e-02
-1.928854477953976729e-02
-1.374077178788072826e-02
-1.337367969619757471e-02
-1.177368108991551018e-02
-1.159269106309617457e-02
-1.983694070893548406e-02
-1.221592656583781952e-02
-1.278654972181755833e-02
-8.257197185442734927e-03
-1.012894060484296685e-02
-1.105801487860736364e-02
-8.397566427557274713e-03
-1.264871705968240688e-02
-1.461662444800953566e-02
-2.239146709733175894e-02
-1.386279694437135904e-02
-5.203907259358280316e-03
-5.256041566312074850e-03
-7.632443054225264076e-03
-8.747076189293798848e-03
-1.662968698288450758e-02
-1.774044014343314699e-02
-1.917365918130097338e-02
-1.457611005744471888e-02
-1.804499762281002243e-02
-1.862836378230214168e-02
-2.618922260933813015e-02
-1.962126605575027424e-02
-2.654225461269100333e-02
-2.661646125927114026e-02
-2.008166537856281852e-02
-1.316846185422025119e-02
-1.902117824364128046e-02
-9.472267136608470556e-03
-9.957298779662946894e-03
-9.288372978611873429e-03
-7.890196912227814482e-03
-9.020408176283132781e-03
-1.929234095063375037e-02
-2.177123101858222110e-02
-2.136326047093371761e-02
-2.180403580211287551e-02
-2.232456533042709995e-02
-2.626769982073748344e-02
-1.346490855602024660e-02
-2.071827670445924516e-02
-1.577365669340517057e-02
-1.539003490147017837e-02
-1.313906149234786956e-02
-1.427009193079800675e-02
-9.477918936928463739e-03
-6.507465921444898285e-03
-6.451938750737133861e-03
-1.064151334986949970e-02
-1.035916921329891639e-02
-1.355925263051000786e-02
-1.126723152011587653e-02
-1.678802893808428037e-02
-1.375518842430257724e-02
-1.391408873524890497e-02
-1.061176876792802037e-02
-1.408824974457110156e-02
-1.825304763231345301e-02
-1.445284241428386116e-02
-1.640227303932754663e-02
-1.450219535347564356e-02
-1.811200146791124704e-02
-1.750598305145847217e-02
-1.786632347720189945e-02
-1.182935737415799320e-02
-1.027078349777864677e-02
-9.863852787140000092e-03
-1.330180283834663489e-02
-1.461047118658436936e-02
-1.233765812096201606e-02
-2.290623309232244637e-02
-1.802872448754194029e-02
-2.542221175968243513e-02
-2.538051880267498325e-02
-2.389296812914252360e-02
-1.773937874748798826e-02
-1.560802133725275841e-02
-1.639464045642178083e-02
-1.645016656169642419e-02
-2.105771505769082202e-02
-2.397122860490572688e-02
-2.076710177155230777e-02
-1.848437485673163141e-02
-1.962850200463228320e-02
-2.348378082991123272e-02
-1.773585472513531172e-02
-1.956563770854911899e-02
-1.302317791464948672e-02
-1.242094204645729019e-02
-1.018703496810181332e-02
-1.543474721562602091e-02
-1.466232099480005956e-02
-1.833682231100999122e-02
-1.853872360680433595e-02
-1.869181299323190507e-02
-2.225712790300298297e-02
-1.933870983112939701e-02
-2.128369241810372514e-02
-1.697122681992369389e-02
2.689880806580622133e-04
-5.115311423140666593e-03
-1.280046684650756536e-02
-1.262430755944502457e-02
-1.342035213599854747e-02
-8.151288243179516044e-03
-1.448078738847217647e-02
-1.874353885421526505e-02
-1.481298723107763934e-02
-1.513297050044609335e-02
-1.754465944198730504e-02
-1.373153859366805715e-02
-1.628895840840832721e-02
-1.961791228911081292e-02
-1.643390721260241244e-02
-1.280056831712468937e-02
-1.791198460485318028e-02
-2.102735163450698483e-02
-1.811925399516606250e-02
-1.816373249858433889e-02
-6.914943862688635590e-03
-2.003318999034218312e-02
-1.885577867409253539e-02
-1.754752225580332239e-02
-1.228467178137509878e-02
-1.328551135934481764e-02
-1.911168786273685291e-02
-1.304650975772378083e-02
-1.274322139068946591e-02
-1.844118675265899593e-02
-2.024035962346934156e-02
-1.290980318097231273e-02
-1.628683925920237918e-02
-2.136324563782662778e-02
-1.908929812245057506e-02
-1.829734640956098488e-02
-1.845445987439209290e-02
-1.863101987440772545e-02
-1.050331653722720235e-02
-7.963143240502479694e-03
-5.705591877519160943e-03
-2.467217017058598305e-03
1.706369200093668312e-03
-1.601367976490041629e-03
-3.036136606628149666e-03
-4.428855009779292598e-03
-9.777860265531575223e-03
-1.132372111394472011e-02
-1.132669955513965383e-02
-1.759625745575120470e-02
-7.191082153656852549e-03
-5.973090707605173584e-03
-4.500625809696303346e-03
-7.629656681241674468e-03
-8.111054987480116260e-03
-4.984165772231784197e-03
-1.044859762255141884e-02
-1.035796312048503122e-02
-1.360197163561869182e-03
-1.028505008314072608e-03
-1.060567390170711385e-03
-4.295053704149154848e-03
-4.689512880927020413e-03
-3.702807726428644468e-03
-1.615853737824420695e-03
-4.016422376862996933e-03
-4.939487614477049322e-03
-9.532223844466766738e-03
-9.414871384390349415e-03
-9.336487197065607840e-03
-6.339458199411318259e-03
-6.229960527998170891e-03
-3.051694025097536657e-03
-2.743429804175885091e-03
-4.339230016836831752e-03
-3.623173898435630511e-03
-3.959862641570105826e-03
-7.207118472412321272e-03
1.503928545004075586e-03
4.870266530137855104e-04
-4.747855734845516512e-04
-4.611873350955491072e-03
-3.563449281756207558e-03
-4.175414778345204816e-03
-3.183125172326192135e-03
-3.395363113283172973e-03
-3.086617669138872182e-03
-2.964521977448415519e-03
-2.881795291830613857e-03
7.546141349544837002e-04
-2.129350648182079639e-04
-7.921117270785810096e-04
-6.411600388546177592e-04
4.493059590400079288e-03
7.369820386222256017e-04
-3.688476578305711039e-03
-3.718141077282291571e-03
3.529015332383396344e-03
4.212507102291927524e-04
-1.153024616446139629e-04
-1.001859880381088252e-04
-2.752014781632269001e-03
3.725250776864702604e-03
8.019826259914446817e-04
-4.212030319187041669e-03
-4.090223294584641872e-03
-3.967139607183046632e-03
-5.842970243265827035e-03
-6.921220938053447916e-03
-6.783728794468082621e-03
-6.644880892348043258e-03
-6.504683934641481216e-03
-2.428823510556723728e-03
-2.307865562664914751e-03
-4.029763788198681244e-03
-6.998884681644626515e-03
-6.874279587379565626e-03
-6.748562398482137528e-03
-6.621739143658114668e-03
-6.493815896810700358e-03
-6.364798776729472043e-03
-6.234693946766440772e-03
-6.103507614512620680e-03
-6.740690771791335405e-03
-6.595389682414921559e-03
-6.448931782705104483e-03
-6.301324011467020550e-03
-6.152573353529199561e-03
-6.002686839394021437e-03
-5.851671544886260373e-03
-5.699534590804395014e-03
-5.546283142564776766e-03
-5.391924409851476738e-03
-5.236465646260594561e-03
-5.079914148949111335e-03
-4.922277258277841031e-03
-4.763562357458630235e-03
-4.603776872195959081e-03
-3.862673868670133716e-03
-3.714093065421837560e-03
-3.564549692912187019e-03
-3.414050737581502456e-03
-3.262603223565589856e-03
-3.110214212362170418e-03
-2.956890802497637132e-03
-2.802640129190331515e-03
8.385058172218250649e-04
2.434672147230124498e-03
-3.946684406920922847e-04
-2.490574474541914943e-04
-6.202337553903644455e-05
1.260505744563987106e-04
1.566399519593671911e-03
1.716074124996471231e-03
3.313563943925076829e-03
3.490923085984351526e-03
4.723368922538143458e-03
9.992486150074430390e-03
1.012765762627512722e-02
7.317644316400144684e-03
7.550025170257967586e-03
7.552393211892266880e-03
1.006619486472254757e-02
4.702540032199035817e-03
5.059018064183134697e-03
8.269781399655121851e-03
1.185315734413709340e-02
6.898842807335009257e-03
6.944657536347481966e-03
8.401856625850124410e-03
7.332707028350668108e-03
7.451923318378623866e-03
7.652400510414256174e-03
7.356556777181791351e-03
6.897733043587530796e-03
7.250411965253574995e-03
8.098073165123786943e-03
7.294642390052547172e-03
8.063809206526387913e-03
9.186581747572194340e-03
1.002769442184351691e-02
6.929187053572545552e-03
7.152383772260276565e-03
9.052834224783132266e-03
9.833542181480598582e-03
1.099860327927536761e-02
9.258892229975538082e-03
9.444774322347424325e-03
9.504551575590214352e-03
9.765491844383970138e-03
9.694607265575546848e-03
1.180349215041505070e-02
1.441021111056163886e-02
1.552012387143980945e-02
9.917271973859723838e-03
1.190235872848469448e-02
1.541397110253826808e-02
1.558775877958814594e-02
1.548053628917306877e-02
8.462212082248881523e-03
9.580040486270358785e-03
1.218553705288495485e-02
1.141467487573217740e-02
1.209134349668671352e-02
1.405438995835639471e-02
1.349782836978873427e-02
4.847543338396802931e-03
9.458050578201492725e-03
9.614691946528539437e-03
1.067694286143534323e-02
1.547945098352808066e-02
1.490423992332606459e-02
1.630167144580781796e-02
1.770238491042350204e-02
1.666594977621124393e-02
1.465680320095395263e-02
1.198949640431221444e-02
8.676762193924060160e-03
7.990546586828919939e-03
6.785700231988539902e-03
6.780283132221685653e-03
1.124439246719202354e-02
1.085624968992591685e-02
8.579319095680010970e-03
1.197109565994123465e-02
9.566613930099771360e-03
1.054113758015149012e-02
9.979096020285946333e-03
