# spin correlation
-1.998259999683820398e+00
-2.002216785392208376e+00
-2.005260086792324259e+00
-2.002708475957870160e+00
-1.980135863809791008e+00
-1.985149537074125892e+00
-1.985603916061091878e+00
-1.980278141770436262e+00
-1.974137340892353709e+00
-1.969532511991795687e+00
-1.963584726312563422e+00
-1.942963514454974172e+00
-1.949852210709645872e+00
-1.941836144332767633e+00
-1.924752495286199849e+00
-1.921049708965058445e+00
-1.899091805411890821e+00
-1.906723994494042174e+00
-1.869571008200854312e+00
-1.869188531329228242e+00
-1.861063933078520360e+00
-1.854204468093826774e+00
-1.818494468186565793e+00
-1.808957194049628070e+00
-1.791933965810348806e+00
-1.775411668528130038e+00
-1.761199996028747439e+00
-1.750810314470207185e+00
-1.725009446369592414e+00
-1.707532306764710572e+00
-1.679016447852879068e+00
-1.654507190930357252e+00
-1.642320669905377839e+00
-1.621073380012985510e+00
-1.607967484401398917e+00
-1.582779421489845184e+00
-1.558215696998973776e+00
-1.526528615360043473e+00
-1.492801805869417020e+00
-1.473173153506074806e+00
-1.453888318849871686e+00
-1.426087216713630923e+00
-1.397022900102950826e+00
-1.367898887377895001e+00
-1.350826616040299744e+00
-1.314175163773319444e+00
-1.289156055023902514e+00
-1.263746080404051009e+00
-1.246515732809109656e+00
-1.221821648720539999e+00
-1.193205528808539473e+00
-1.161552253234621634e+00
-1.130753250656648001e+00
-1.111606999666791440e+00
-1.081548965686282671e+00
-1.055036129958304425e+00
-1.032749742200536058e+00
-1.002498352650331270e+00
-9.756427655083443895e-01
-9.489785127451277891e-01
-9.244640924259817094e-01
-8.920597932696796573e-01
-8.630480796895575457e-01
-8.447727422496938976e-01
-8.168504445915860668e-01
-7.789050262939023472e-01
-7.591284056667789715e-01
-7.333292641057653771e-01
-7.009522411254145435e-01
-6.742064350248553328e-01
-6.471181315758257613e-01
-6.211322335347491119e-01
-5.968474655315827437e-01
-5.751044239376537082e-01
-5.541300957235754110e-01
-5.202060236216565769e-01
-4.997280030379345206e-01
-4.791371292037408525e-01
-4.507255167005424501e-01
-4.335757029164007403e-01
-4.136368862915930644e-01
-3.887683018230997933e-01
-3.646250787249262215e-01
-3.353370126335860069e-01
-3.249461434828778139e-01
-3.061405898088250810e-01
-2.809165598866662505e-01
-2.647691646497330464e-01
-2.410737722594072652e-01
-2.232271657364165163e-01
-2.118503494848321123e-01
-1.965876349069368700e-01
-1.779596111498167321e-01
-1.597181522165939671e-01
-1.426717963221332819e-01
-1.389896117126082076e-01
-1.208377773386406229e-01
-1.080815078511196126e-01
-9.725309031605429422e-02
-8.564049170394669175e-02
-7.475353485315910929e-02
-6.885915413045352873e-02
-5.274340440095783705e-02
-4.537206391200724470e-02
-4.068198834690381349e-02
-2.797641000358200292e-02
-1.894452436437819853e-02
-1.740046620525874388e-02
-1.575999101705729405e-02
-4.227404704716965049e-03
-6.165494659893079946e-03
-4.770125418063518759e-03
-1.993082803892189548e-03
5.165356629034288487e-03
-5.042602594208548880e-04
-2.231800046633407135e-03
-1.964067842681149149e-03
-1.696369047637363110e-03
-1.428722216344788763e-03
-1.161145892979426227e-03
-8.936586098208857114e-04
-6.262788859925569589e-04
-3.590252262431640811e-04
-9.191611969742363643e-05
4.042621639534666259e-03
4.281035618906369605e-03
4.519270933516080120e-03
4.757311126461587908e-03
4.995139760310048430e-03
5.232740418176526007e-03
5.470096704808674777e-03
5.707192247670425655e-03
5.944010698002806167e-03
6.180535731911413443e-03
6.416751051423465364e-03
2.624784758280416120e-03
2.833064750496971582e-03
3.041027807733093918e-03
3.248659620883569046e-03
3.455945908489166905e-03
3.662872417664457449e-03
3.869424925011415769e-03
4.075589237546039384e-03
4.281351193613102193e-03
4.486696663785858831e-03
4.691611551789320010e-03
4.896081795392157564e-03
5.100093367313577979e-03
5.303632276120994089e-03
5.506684567113924803e-03
5.709236323230482656e-03
6.190292378177918685e-03
6.391775001331194417e-03
6.592715644158366264e-03
6.793100550724483211e-03
6.992916007108215988e-03
7.192148342267908230e-03
7.390783928898576709e-03
7.588809184298987709e-03
7.786210571211047218e-03
7.982974598685931011e-03
8.179087822914349326e-03
8.374536848080021273e-03
8.569308327189713997e-03
8.763388962905299326e-03
8.956765508381401425e-03
9.149424768077781683e-03
9.341353598587551210e-03
9.532538909443562247e-03
9.722967663946096781e-03
9.912626879946713487e-03
1.018107646506507570e-02
1.036915082048241697e-02
1.055641705665342697e-02
1.074286241814291151e-02
1.092847420803724941e-02
1.111323978873620527e-02
1.125738111172939690e-02
1.144042003754820389e-02
1.154305795418564262e-02
1.172432374077314425e-02
1.190468099557399559e-02
1.208411745222823935e-02
1.250109158528660801e-02
1.267862991163034268e-02
1.289494960508187106e-02
1.307055843549187121e-02
1.324518624893582242e-02
1.341882117943019037e-02
1.157898740026524001e-02
1.170495181379680588e-02
1.254510337465252444e-02
1.266949342519023067e-02
1.283282522070364716e-02
1.295566198324925311e-02
1.307771116419389167e-02
1.319896448298542649e-02
1.343851423255005076e-02
1.355814202095072599e-02
1.367694949833281846e-02
1.379492860630257556e-02
1.391207134305147940e-02
1.402836976383685028e-02
1.414381598144271932e-02
1.425840216665310613e-02
1.437212054871666277e-02
1.448496341579762550e-02
1.459692311544348239e-02
1.470799205502865657e-02
1.481816270220071355e-02
1.492742758533397926e-02
1.503577929395425936e-02
2.023285114749612951e-02
2.041747086692819596e-02
2.056116066794641539e-02
2.066391890163266770e-02
2.080503544123911766e-02
2.094484958427129256e-02
2.108335183714192540e-02
1.955573773833291229e-02
1.969169537443465207e-02
1.982631211361412030e-02
1.972179647373334746e-02
1.985371894460903966e-02
2.049940415228083956e-02
2.062854976477083643e-02
2.379223607044721883e-02
2.393533672024316869e-02
2.411646436293465173e-02
2.425637523529477688e-02
2.467195708733688903e-02
2.480862658648411503e-02
2.494366951252631123e-02
2.507707666655966533e-02
2.520883895826501325e-02
2.533894740646478599e-02
2.546739313962432735e-02
2.559416739639370358e-02
2.571926152613618344e-02
2.584266698941435278e-02
2.596437535852137019e-02
2.608437831797293452e-02
2.628183941259166351e-02
2.635881924801263335e-02
2.647365530800206354e-02
2.658675385717202549e-02
2.669810714854710734e-02
2.688686051536801763e-02
2.699469692852458219e-02
2.710076559390556944e-02
2.720505922783562555e-02
2.766369610653924421e-02
2.772483541350499042e-02
2.782374827268270165e-02
2.792085837767700404e-02
2.801615903430237919e-02
2.810964366730720615e-02
2.824086572255388866e-02
2.833069756712021728e-02
2.841869441033579441e-02
2.580160104674322774e-02
2.587602900006099119e-02
2.594882169395228491e-02
2.601997406781494937e-02
2.608948116857396846e-02
2.615733815101726339e-02
2.622354027808707772e-02
2.628808292116797604e-02
2.627187123083467996e-02
2.633308376232191411e-02
2.639262351468498261e-02
2.645048629577384514e-02
2.654620876280530672e-02
2.660070443708493701e-02
2.665351125539231619e-02
2.567664389951607173e-02
2.572608609601694310e-02
1.606415900740256267e-02
1.609192555987726952e-02
1.611866508827129035e-02
1.614437565849797737e-02
1.616905540358162807e-02
1.619270252379945846e-02
1.621531528680117060e-02
1.623689202772512705e-02
1.625743114931773106e-02
1.631646038797720383e-02
1.633491917247367753e-02
1.639186412826459244e-02
1.640823713086334706e-02
1.642356561101798382e-02
1.643784837945092350e-02
1.649061060371363047e-02
2.252307157627347900e-02
2.253905555978146305e-02
2.358118217852211290e-02
2.359413032907001218e-02
2.360556339752982805e-02
2.361548037937877265e-02
2.362388036961159468e-02
2.367028671374851734e-02
2.367565028493691034e-02
2.367949478045469625e-02
2.012434014357996487e-02
2.020409608334194917e-02
2.020351659962155155e-02
2.020164929414243471e-02
2.027754208371867345e-02
2.031262326983152358e-02
2.038594121472216830e-02
2.037892338899825045e-02
2.037061827097437841e-02
2.036102618808936088e-02
2.035014755266290401e-02
2.033798286193094079e-02
2.642297063626780629e-02
2.640284117593215754e-02
2.794230780531412051e-02
2.791550413760667329e-02
2.788672112169921641e-02
2.785596033984844705e-02
2.125024269619722392e-02
2.122370061155747639e-02
2.119564803483221446e-02
2.116608656732615890e-02
1.451841923245115150e-02
1.449585653985314103e-02
1.447224982770391709e-02
1.444760046939488896e-02
1.442190990775050509e-02
1.439517965497519314e-02
1.436741129262222340e-02
1.425953320241820331e-02
1.383431615109467251e-02
1.380343210949372748e-02
1.206561220441931814e-02
1.203999413347081084e-02
1.193449245809703914e-02
1.206544375533332748e-02
1.302602682698940709e-02
1.299724806465495097e-02
1.304676875989688178e-02
1.309550328988407994e-02
1.302480786632444730e-02
1.620669387645469126e-02
1.616467278674500394e-02
1.612164741161399920e-02
1.607762042843481273e-02
1.603259458250546124e-02
1.598657268693253961e-02
1.597911585122099506e-02
1.788841497023753446e-02
1.790766536483888796e-02
1.784659477645957407e-02
1.992080443908006773e-02
1.989699601396344858e-02
1.983243515602111512e-02
1.976669037124316811e-02
1.973933691299293441e-02
1.741130603038357899e-02
1.727547019192653133e-02
1.721782434009676982e-02
1.711964830385682285e-02
1.630807884994840001e-02
1.624755057915615655e-02
1.626524896955309704e-02
2.089401861860457066e-02
2.250489185911380002e-02
2.249141593243357204e-02
2.029906384956693677e-02
2.020364583070769632e-02
1.812710560781385927e-02
1.806854427910438432e-02
1.994909252464473898e-02
2.000684145470836214e-02
1.733058925962762536e-02
1.722720824740108653e-02
1.720176215266255165e-02
2.340414154807340247e-02
2.330380917155434536e-02
2.320183453433375884e-02
2.317746403582901515e-02
2.303261694635369561e-02
2.288615121481708467e-02
2.273807646391292833e-02
1.869681497650683977e-02
1.735251819566929754e-02
1.949458743154252466e-02
1.937650036163000161e-02
1.925721991012147027e-02
1.977898915130766461e-02
1.967618517172169817e-02
1.965168493503993349e-02
1.958656421973840531e-02
2.277191999345383119e-02
2.258612779792865816e-02
2.247868010144025291e-02
2.237028046823536648e-02
2.237992474617621699e-02
2.226965141850514862e-02
2.215844803675369110e-02
2.204632200851433174e-02
2.022728299190378054e-02
2.003385356404057197e-02
1.908558652443564929e-02
1.896964889186914666e-02
2.135305751140040634e-02
2.334514338714602233e-02
2.324496523516757923e-02
2.310408126890076130e-02
2.292249175455026225e-02
2.277960002240502282e-02
2.263572032929409006e-02
2.205407607136481915e-02
2.190821468905543995e-02
1.830625770234349525e-02
1.795962149107092204e-02
1.781061548391526389e-02
1.766067868734681051e-02
1.750982125520230553e-02
1.986107484622723005e-02
2.066222740274537353e-02
2.061159417723980314e-02
2.043364307364538973e-02
1.549487950916410804e-02
1.544217919636765336e-02
1.530927305672509856e-02
1.517565791430800469e-02
1.857494370538888620e-02
1.839109085180695366e-02
1.820631135115678353e-02
1.965110626563610491e-02
1.942488416083446717e-02
1.923754224813734037e-02
1.904932537126658929e-02
1.886024645526900370e-02
1.580574360677723667e-02
1.561472054260036602e-02
1.542287351031435515e-02
1.523021572982391839e-02
1.503676048838896960e-02
1.484252113982100461e-02
1.464751110366052309e-02
1.449155513841658693e-02
1.509134748637784226e-02
1.489418460148002679e-02
1.304799496409134694e-02
1.287574738849722386e-02
1.270290210700007402e-02
1.252947113674513988e-02
1.235546654627379601e-02
1.218090045476507600e-02
1.090483721999200781e-02
1.086148086886848906e-02
1.069799164924348754e-02
8.169170339490222296e-03
7.991660566802680568e-03
7.813662144169373353e-03
7.635187546310933000e-03
7.456249292468608222e-03
5.681822890747255037e-03
6.450620420348401711e-03
6.297926129479043504e-03
7.501061880679381691e-03
7.427594322486609502e-03
7.274022946003866168e-03
7.160033392098914644e-03
7.045744973954120964e-03
6.891261236540924089e-03
6.736492594103890390e-03
4.659772352357290440e-03
4.448088674496264612e-03
4.236062502816657742e-03
4.023708890244108438e-03
3.850974227591429273e-03
3.677950352702723073e-03
3.464713121418532688e-03
3.251209028023861140e-03
3.037453298265745290e-03
2.823461189510945331e-03
2.609247989706797721e-03
2.394829016346689855e-03
2.180219615428614054e-03
1.965435160399332457e-03
1.750491051113409581e-03
1.535402712767218892e-03
7.077258535964166611e-03
6.862511599876016007e-03
6.647667121018378811e-03
6.432740573037805734e-03
6.257743340783339554e-03
6.042703211862630701e-03
5.827627550699445401e-03
5.652539970077111349e-03
5.437443958599175002e-03
6.022682777412718957e-03
5.807705826147322239e-03
5.592771203697006165e-03
5.377894517232142783e-03
5.163091383952507669e-03
4.948377429972056554e-03
4.733768289195481108e-03
4.519279602189266512e-03
4.304927015056178585e-03
4.090726178297595696e-03
3.876692745677606192e-03
3.662842373087215990e-03
3.449190717392823513e-03
3.235753435295631638e-03
3.022546182176876536e-03
2.809584610949269427e-03
2.596884370899145422e-03
2.384461106522848747e-03
2.172330456373055326e-03
1.960508051889967279e-03
1.749009516230745588e-03
1.537850463106290406e-03
1.327046495603912638e-03
1.116613205016132784e-03
9.065661696600729172e-04
6.969209537015985580e-04
4.876931059707928853e-04
2.788981587820873846e-04
7.055162674829339674e-05
-1.373309944089751275e-04
-3.447342290491826932e-04
-5.516426227954767314e-04
-7.580407437360318261e-04
-9.639131836121573238e-04
-1.169244559014526565e-03
-2.177135775916007841e-03
-2.381416064004827828e-03
-2.625272586500121148e-03
-2.828366875962706577e-03
-3.030843352599419359e-03
-3.272861771752267300e-03
-3.474060806076137431e-03
-3.674596470280255302e-03
-9.661283711650574951e-03
-9.860988369557583538e-03
-1.005998249792756580e-02
-1.025825105779954588e-02
-1.045577905080308928e-02
-1.065255152035357936e-02
-1.084855355287304632e-02
-1.104377027898817594e-02
-1.123818687473450255e-02
-1.143178856276932595e-02
-1.166478386655607838e-02
-1.189694207279713006e-02
-1.208801804555394155e-02
-1.227822045841954132e-02
-5.984694507410100520e-03
-6.122910068642415174e-03
-6.300696373756303412e-03
-6.477805217371726196e-03
-6.613974366780336900e-03
-6.829948285184848575e-03
-8.333494964538824129e-03
-1.212370064847169936e-02
-1.067071895325319777e-02
-1.082733660601038067e-02
-1.098306050868607178e-02
-1.113787862868295328e-02
-1.192585924339968802e-02
-1.230351818247180269e-02
-1.203991964064442428e-02
-8.403884027766241049e-03
-8.553724631582552279e-03
-8.702590282356164123e-03
-8.850469397144251210e-03
-1.071825811659473347e-02
-1.169254340880913727e-02
-1.185961831992048479e-02
-1.206581484825989745e-02
-1.223050086429937691e-02
-1.239397149578139526e-02
-1.255621394206205346e-02
-1.271721548537479464e-02
-9.973462291425832030e-03
-1.013172941434604263e-02
-1.024838738630773176e-02
-1.205783219526456937e-02
-1.221234831918160089e-02
-7.682879200076339274e-03
-7.794368454145430766e-03
-7.985566301635955294e-03
-1.184875626155768892e-02
-7.739441112888503782e-03
-8.834745402069478157e-03
-1.150293609419002563e-02
-1.162754104324371061e-02
-1.154910675000025283e-02
-8.159410612362579668e-03
-7.836021977281049794e-03
-7.955408546917466794e-03
-8.033162383519278776e-03
-8.190395038742645864e-03
-8.101134242930099066e-03
-8.197998584645260767e-03
-7.364938387775831971e-03
-5.722936712881388985e-03
-5.816318969981707811e-03
-5.908580010967315679e-03
-6.120891987614349508e-03
-6.130104216729842341e-03
-9.612374342854373283e-03
-9.781068316848764641e-03
-1.593467543129289954e-02
-1.603596307766658874e-02
-1.843904045166952846e-02
-2.442024608564222904e-02
-2.454728032906400292e-02
-2.479370976903462476e-02
-2.495746767349251924e-02
-2.009012186260681482e-02
-2.026253483570615924e-02
-1.788699366952372152e-02
-2.003712089907016755e-02
-1.810308784825422068e-02
-1.612697612446264278e-02
-1.790904389998459328e-02
-1.087530804638525521e-02
-1.012285763984388694e-02
-1.005667231626481382e-02
-1.402924434626140471e-02
-1.409409445186235801e-02
-1.638178551083750017e-02
-1.656547553102832165e-02
-1.233859973354195505e-02
-1.238747136397966471e-02
-1.243527399291496222e-02
-9.334963740951579547e-03
-9.532246039493633485e-03
-1.057812456446970487e-02
-1.069286516871557555e-02
-1.508521512068481882e-02
-1.504569319069554677e-02
-1.508597716267848568e-02
-1.512516020779200790e-02
-2.160654284652470392e-02
-2.820071046779593776e-02
-2.826857797821792292e-02
-1.616979381815181194e-02
-1.621087589906834714e-02
-1.633151909459831103e-02
-1.649126275511866857e-02
-1.660917822582692882e-02
-1.972323291757866262e-02
-1.980421508900186492e-02
-2.089523478610428447e-02
-1.368731405475622810e-02
-1.375234367389640069e-02
-1.381623614334625584e-02
-1.383851969929355587e-02
-2.393957282546877938e-02
-2.296139951788678593e-02
-2.291213675280671588e-02
-2.294191160913237534e-02
-2.675109682263254740e-02
-2.682105702061488017e-02
-2.725311233168136241e-02
-2.731874321975689274e-02
-2.734172899454554578e-02
-2.768633613339385041e-02
-2.499911251033500731e-02
-1.684556335989258885e-02
-1.685460381829172877e-02
-2.641288563318327370e-02
-2.662394808230494209e-02
-2.651069389929168810e-02
-2.700193841547137222e-02
-2.639815054412570500e-02
-2.639931119407847721e-02
-2.635780756788883711e-02
-2.226161306013228411e-02
-2.225731821086780055e-02
-2.229181964415257247e-02
-1.783183164763253031e-02
-1.976663640436385899e-02
-1.991910413304276775e-02
-1.954397802760868275e-02
-1.584855086377385397e-02
-1.789001977364819418e-02
-1.791281447960230838e-02
-1.789346374245939092e-02
-1.799386011237871091e-02
-1.186113980047582769e-02
-2.285988098780722400e-02
-2.246570412442256900e-02
-2.835060045775606580e-02
-2.827191582359676186e-02
-2.827199624632734803e-02
-2.556423855705557829e-02
-2.552465926669129567e-02
-3.024207823106135964e-02
-3.019297615837846643e-02
-3.412013396540265753e-02
-2.960272124731104862e-02
-3.116568332274097936e-02
-2.989406263454400664e-02
-2.991511302633698827e-02
-2.481573247790318237e-02
-1.960779805304411344e-02
-2.081117446665855727e-02
-2.096097530636168924e-02
-2.244417613116153273e-02
-2.669811872774794856e-02
-2.241190349880518504e-02
-2.024939064846645320e-02
-1.954162581357359388e-02
-2.061206585221297960e-02
-2.204485982713999884e-02
-2.169631252458479459e-02
-1.912172348209013883e-02
-1.510322043251225745e-02
-1.979198829189004680e-02
-1.972030708232867455e-02
-1.904047547916992017e-02
-1.969355367890084779e-02
-2.066849777227899171e-02
-2.059052330525078245e-02
-1.655987795512698854e-02
-1.653159676845981918e-02
-1.646158432042054906e-02
-1.760307678086984670e-02
-1.753042581189262830e-02
-1.523323273775013809e-02
-1.754989640882827218e-02
-1.756781036541783109e-02
-1.645300113266416620e-02
-1.574141215012139078e-02
-1.567546660099122108e-02
-1.803314686927358704e-02
-1.356048413031136698e-02
-1.613255758886330410e-02
-1.604736476580347071e-02
-1.850628408621413784e-02
-1.905607473218872208e-02
-1.280202402172333012e-02
-1.062761797426190445e-02
-1.095684167958926696e-02
-1.088114064303377301e-02
-1.654800508749465840e-02
-1.617044607984201993e-02
-1.680133604709000208e-02
-2.549961947903445908e-02
-2.726627789907352592e-02
-2.713555737297889542e-02
-2.801219266875639574e-02
-2.735265278046685594e-02
-2.846742370599586458e-02
-2.832876935131694099e-02
-2.830928039288037670e-02
-2.296035607767853148e-02
-2.011847315353976900e-02
-2.152555700833348393e-02
-2.143775156848989200e-02
-2.447114605942363186e-02
-2.423884718087216533e-02
-2.436782626266947166e-02
-2.280067176762630779e-02
-2.341014119880662631e-02
-2.474373966513342127e-02
-2.454276768015581714e-02
-1.991682422210443171e-02
-2.073564599626058491e-02
-1.794775968757836987e-02
-1.776484103622643501e-02
-1.774204644586330204e-02
-1.359963004019316968e-02
-1.612092786949101061e-02
-1.738219113033608390e-02
-1.737733495846066623e-02
-1.721033651834549816e-02
-1.700213498157528841e-02
-1.691392447008392350e-02
-1.698597572359342514e-02
-1.689596308952054371e-02
-1.672737731705568540e-02
-1.800227833247045744e-02
-1.601230522388472771e-02
-1.924978147982852814e-02
-1.601825010035870522e-02
-1.585865280832820384e-02
-1.213497702725036508e-02
-1.561711517162404396e-02
-1.549492961954161176e-02
-1.601585859712062465e-02
-1.649849043800059173e-02
-1.990510257448410009e-02
-1.792609565169646715e-02
-1.733113974126787929e-02
-1.713761325168685137e-02
-1.694311165328932223e-02
-1.702924216735511587e-02
-1.755683796212419850e-02
-1.735940974437653883e-02
-1.675890307601445722e-02
-1.655969817021443399e-02
-1.635960965742868506e-02
-1.615865308575058917e-02
-1.387961852494011029e-02
-1.772388112449941461e-02
-1.796236001281101280e-02
-1.779804912092442307e-02
-1.658810014589957513e-02
-1.634194479297918640e-02
-1.605486082586301752e-02
-1.665089154336187038e-02
-1.364912846881368921e-02
-9.013647281191727520e-03
-9.329525192130374081e-03
-9.122848127812820465e-03
-1.220850772660518092e-02
-1.620154772388707892e-02
-1.577635260895532757e-02
-1.575210743111503039e-02
-1.368021701006256162e-02
-1.337414973332073931e-02
-1.334853918040077546e-02
-1.489453311366000475e-02
-1.465023426719440011e-02
-1.544845223162969253e-02
-1.097273470320391311e-02
-8.509586111405290781e-03
-8.372636918793707056e-03
-8.235228461611707879e-03
-8.097377610550692689e-03
-6.808152584347655807e-03
-6.687566297295052982e-03
-6.526612346175825197e-03
-6.726140478077106792e-03
-6.484484474833155862e-03
-9.328329180236360346e-03
-9.206141237424735405e-03
-9.043668268518207168e-03
-7.919511166635986865e-03
-9.450719900213674224e-03
-9.298227809704722596e-03
-9.178261073484088664e-03
-8.922218048786682149e-03
-8.720619433197834142e-03
-8.438713444780056999e-03
-8.431453054488235316e-03
-7.358997523698937449e-03
-8.367811932830555161e-03
-8.055534048901420718e-03
-6.786604095428412468e-03
-8.885162766706419107e-03
-5.650573980373090749e-03
-5.256861751972767734e-03
-5.423175169895445499e-03
-3.389666554412981616e-03
-3.196160376408041428e-03
-2.122970858736702472e-03
-2.049588253938971170e-03
-1.896286997026454518e-03
-4.221486527192568235e-03
-6.706138620749327317e-03
-6.512596292678067382e-03
-6.439064757914880581e-03
-6.405605505226188989e-03
-4.783257950058048685e-03
-4.620004702478432666e-03
-4.000769423463142530e-03
-2.522706916015169526e-03
-2.351507622774505219e-03
-2.100722438318424704e-03
-2.209616397959377442e-03
-5.620697424093708521e-04
-2.593278566511863972e-03
-2.373071560340524449e-03
-1.594434064452132692e-03
-1.494723793392058967e-03
-1.275657368917116827e-03
-1.056990029524076816e-03
-8.387386786788961820e-04
1.383833893301303483e-03
1.629972935855490690e-03
1.955352586279933066e-03
2.200408438001048243e-03
9.175729368893308351e-04
1.104184350848152422e-03
1.290333730930365991e-03
1.476006734460077801e-03
1.583245591270312060e-03
1.745092542816294471e-03
1.985980879215803064e-03
2.226171355272771584e-03
2.465645414878738818e-03
2.704384560262977719e-03
2.902533668181684137e-03
1.389054744686729192e-03
1.569953204234807902e-03
1.750233679113430332e-03
1.929882305570276499e-03
2.108885270811587578e-03
2.287228814036133297e-03
2.464899227464340762e-03
2.641882857360437330e-03
2.818166105055960012e-03
2.993735427956102386e-03
3.168577340552308254e-03
3.342678415421641933e-03
3.516025284223097628e-03
3.688604638686585231e-03
3.860403231598391605e-03
6.593118887256482936e-03
6.855317376201387411e-03
7.076666357930157421e-03
7.296924854563566383e-03
7.516075910302825840e-03
7.734102657242556030e-03
8.030497130247690393e-03
6.755399415707239071e-03
6.919448069340783034e-03
7.082587816506632702e-03
7.324286839386079037e-03
1.092508944614215514e-02
1.113461592875709776e-02
1.126342745065015902e-02
1.147043482199748554e-02
8.468587361597321173e-03
8.649129675656602040e-03
8.828508598762649373e-03
9.086136743904748431e-03
8.945461999366513192e-03
8.922755159003236888e-03
1.292227807966150541e-02
1.172904559558611906e-02
1.228129170315371034e-02
1.247481066881142575e-02
1.274626993806025552e-02
9.872390181406780207e-03
5.850454844289166081e-03
6.461744191165195821e-03
6.644132801576723910e-03
6.984058556798492315e-03
7.203769728670182844e-03
1.000078325820301893e-02
1.263754556136216858e-02
1.281361980154190582e-02
1.306780188340773453e-02
1.232931395072671930e-02
1.246212474357689080e-02
1.112658371962528016e-02
1.125701208770533632e-02
1.118795065077187942e-02
1.986086436066696048e-02
2.046870066109172936e-02
2.067079160482950678e-02
2.217874420217800374e-02
2.162350751591471040e-02
1.921962339394961070e-02
1.939482108300499136e-02
1.362226081319214445e-02
1.201431181709385412e-02
1.094246386100085344e-02
9.596111982360329418e-03
8.741389895946152788e-03
8.836317290600626678e-03
9.088510661891618936e-03
1.195361617220881689e-02
1.240127559205175291e-02
1.249127188450232205e-02
1.261966896338683787e-02
1.878624281084709594e-02
1.898291444148342277e-02
1.917791048548613680e-02
1.703528640925917187e-02
1.674449165849061297e-02
1.789948292302015118e-02
1.806278626890305342e-02
1.213480193794506425e-02
1.226626290887201411e-02
1.049638411278730303e-02
1.074365966921385362e-02
1.059364502114774030e-02
9.718565648001257010e-03
9.697978501272986121e-03
1.019076080860933584e-02
1.007329123787047663e-02
1.674182713692127025e-02
1.683180261312283016e-02
1.680129025513741464e-02
1.589861585114717146e-02
1.645795419818339364e-02
1.942854091766715863e-02
1.856000054951092298e-02
1.863905000824710861e-02
1.871626565561860384e-02
1.859387568144909436e-02
1.846965401391285552e-02
1.925325435943687352e-02
1.959990986432710858e-02
1.970739852660536098e-02
1.933845887197988694e-02
2.259820117006550166e-02
