# spin correlation
-1.997780002943760458e+00
-2.005500849965048182e+00
-2.010295285307562629e+00
-1.994089910280358646e+00
-1.997836721702022755e+00
-1.994981473826113128e+00
-1.984307641628930252e+00
-1.992829011645815607e+00
-1.984461556274623950e+00
-1.968567815395116716e+00
-1.954693806630150910e+00
-1.951506904186977920e+00
-1.946808938504425157e+00
-1.943106015811786325e+00
-1.919754537284368956e+00
-1.923411883706708458e+00
-1.899283113913057042e+00
-1.893477099594722102e+00
-1.872023505860929582e+00
-1.875292643834379103e+00
-1.850054782346743476e+00
-1.848560294785300151e+00
-1.819488140608933158e+00
-1.806295772669696653e+00
-1.800896398710434720e+00
-1.780686200544694842e+00
-1.763774512232610947e+00
-1.736619262319052615e+00
-1.712923718803029072e+00
-1.693188925650540577e+00
-1.673693033836236133e+00
-1.667987856760799747e+00
-1.649383353424646259e+00
-1.622442368858097783e+00
-1.593201264001601114e+00
-1.575569904023289336e+00
-1.549372615920829865e+00
-1.518628979864584227e+00
-1.505362140160140250e+00
-1.479787464049778789e+00
-1.448747727835983712e+00
-1.419108926211967825e+00
-1.406023353609178184e+00
-1.368083832024165503e+00
-1.352706246644226784e+00
-1.325281083686338679e+00
-1.290371776119494385e+00
-1.267375010470857433e+00
-1.244588158487908158e+00
-1.218478236967416750e+00
-1.192777678527257024e+00
-1.167154387101364987e+00
-1.140563067675802955e+00
-1.107019135786479369e+00
-1.086943383860897949e+00
-1.058096707924993662e+00
-1.022961396382520816e+00
-1.004847701617753719e+00
-9.815320074818456586e-01
-9.463958388472255567e-01
-9.176874610429717194e-01
-8.889367137534018859e-01
-8.660271962157228831e-01
-8.322503467453119530e-01
-8.094673149056486050e-01
-7.892375732655052545e-01
-7.534846446769032369e-01
-7.361041229545933762e-01
-7.014885701448732025e-01
-6.777619754522443696e-01
-6.676999053578080989e-01
-6.339743125518739753e-01
-6.089071557660299394e-01
-5.757381805995673840e-01
-5.489162574505402903e-01
-5.233164759514343789e-01
-5.084984673249789422e-01
-4.752246691115126764e-01
-4.563467542169558078e-01
-4.305009946303320345e-01
-4.096316133925365643e-01
-3.833263907269601756e-01
-3.603375182023448309e-01
-3.395483213386971122e-01
-3.244648924678170676e-01
-3.052951805964818632e-01
-2.844968449190767301e-01
-2.684675993564117902e-01
-2.462549355747399304e-01
-2.256563280193552568e-01
-2.086426172507774845e-01
-1.862913942965356839e-01
-1.777330039175226695e-01
-1.605572260480295221e-01
-1.414129398418763062e-01
-1.325520961404718090e-01
-1.209733628490608781e-01
-1.157683677859048521e-01
-9.906258653374624967e-02
-8.789949592619288044e-02
-8.046890580333089515e-02
-6.583626504843981264e-02
-5.676179837291144004e-02
-4.643744616849587031e-02
-4.312881608171194314e-02
-3.313946815044044314e-02
-2.295228387046385765e-02
-2.843444992164622168e-02
-1.455411116607283929e-02
-1.128038427097056290e-02
-9.498089735553914142e-03
-7.557755658265869099e-03
-3.153805885595411650e-03
1.449310939480741994e-03
-1.958111785170328287e-03
-1.689605169004531563e-03
-1.421141935151871418e-03
-1.152739197185587584e-03
-8.844140499443336415e-04
-6.161835684600131847e-04
-3.480648068888056966e-04
-8.007479744551464391e-05
1.877694506481779107e-04
4.554509522186651221e-04
7.229527471902380802e-04
9.902579016249969147e-04
1.257349508756481875e-03
1.524210690025091337e-03
1.790824596101764843e-03
2.057174407908516581e-03
2.323243337631964930e-03
2.589014629734002950e-03
2.854471561955205811e-03
3.119597446308108955e-03
3.384375630077850802e-03
3.648789496799204578e-03
3.912822467241745990e-03
4.176458000386910202e-03
4.439679594387845561e-03
4.702470787544182039e-03
4.964815159245166559e-03
5.226696330938375955e-03
5.488097967054106872e-03
5.749003775960151962e-03
6.009397510888231549e-03
6.269262970858269050e-03
6.528584001609735385e-03
6.787344496499483730e-03
7.045528397425490641e-03
7.303119695721144167e-03
7.560102433052261553e-03
7.816460702311350470e-03
8.072178648489112401e-03
8.327240469564902228e-03
8.581630417377271447e-03
8.835332798473195109e-03
9.088331974986128131e-03
9.340612365472875794e-03
9.592158445768685787e-03
9.842954749826318336e-03
1.009298587053668317e-02
1.034223646056934079e-02
1.059069123319222004e-02
1.083833496307616898e-02
1.108515248710379569e-02
1.133112870518239793e-02
1.157624858101925953e-02
1.182049714293283843e-02
1.206385948460730363e-02
1.230632076589564285e-02
1.254786621356663440e-02
1.278848112207843501e-02
1.302815085432998052e-02
1.326686084241329201e-02
1.350459658835225993e-02
1.374134366485144088e-02
1.397708771600492984e-02
1.421181445803348584e-02
1.444550968001138275e-02
1.467815924455788748e-02
1.490974908854363415e-02
1.514026522380701976e-02
1.536969373782780257e-02
1.559802079441800944e-02
1.582523263440098124e-02
1.605131557628353481e-02
1.627625601692135604e-02
1.650004043218188804e-02
1.672265537759228676e-02
1.694408748898866904e-02
1.716432348315838005e-02
1.738335015846882714e-02
1.760115439551002137e-02
1.781772315769408060e-02
1.803304349188960404e-02
1.824710252901744212e-02
1.845988748466403928e-02
1.867138565967102481e-02
1.888158444072644479e-02
1.909047130096096570e-02
1.929803380049672362e-02
1.950425958705528581e-02
1.970913639649814544e-02
1.991265205338793240e-02
2.011479447155689257e-02
2.031555165464705645e-02
2.051491169663679365e-02
2.071286278239329801e-02
2.090939318820844370e-02
2.110449128229075974e-02
2.129814552531816146e-02
2.149034447091970404e-02
2.168107676620795871e-02
2.187033115224830751e-02
2.205809646458107426e-02
2.224436163368333566e-02
2.242911568547206053e-02
2.261234774177360227e-02
2.279404702077481026e-02
2.297420283750947756e-02
2.315280460432335430e-02
2.332984183128845174e-02
2.350530412668798419e-02
2.367918119744396102e-02
2.385146284955334123e-02
2.402213898850033558e-02
2.419119961971786387e-02
2.435863484897046044e-02
2.452443488278144290e-02
2.468859002884532181e-02
2.485109069642203738e-02
2.501192739673082505e-02
2.517109074334976035e-02
2.532857145259682224e-02
2.548436034389878549e-02
2.563844834018033994e-02
2.579082646823971370e-02
2.594148585908961566e-02
2.609041774832118049e-02
2.623761347647565051e-02
2.638306448936943854e-02
2.652676233844770970e-02
2.666869868111685846e-02
2.680886528108670716e-02
2.694725400868328014e-02
2.708385684117128184e-02
2.721866586308497454e-02
2.735167326651917127e-02
2.748287135145782017e-02
2.761225252605350317e-02
2.773980930693392341e-02
2.786553431949374132e-02
2.798942029817796245e-02
2.811146008675880978e-02
2.823164663863055729e-02
2.834997301704206621e-02
2.846643239540642967e-02
2.858101805753786653e-02
2.869372339790578208e-02
2.880454192190452789e-02
2.891346724606966984e-02
2.902049309836189292e-02
2.912561331836548834e-02
2.922882185754642481e-02
2.933011277945087036e-02
2.942948025996398875e-02
2.952691858750461015e-02
2.962242216325244176e-02
2.971598550133086603e-02
2.980760322904304344e-02
2.989727008706262457e-02
2.998498092960397848e-02
3.007073072464153812e-02
3.015451455409833351e-02
3.023632761400108296e-02
3.031616521465784267e-02
3.039402278088189704e-02
3.046989585207549034e-02
3.054378008246890278e-02
3.061567124122977976e-02
3.068556521265653619e-02
3.075345799627805798e-02
3.081934570705404525e-02
3.088322457547403380e-02
3.094509094771430088e-02
3.100494128576831987e-02
3.106277216756819781e-02
3.111858028711685792e-02
3.117236245460503624e-02
3.122411559650379448e-02
3.127383675571357435e-02
3.132152309165015663e-02
3.136717188033922438e-02
3.141078051451929448e-02
3.145234650375999808e-02
3.149186747450362367e-02
3.152934117019474958e-02
3.156476545133041905e-02
3.159813829554937448e-02
3.162945779771144522e-02
3.165872216994174843e-02
3.168592974172698695e-02
3.171107895994972753e-02
3.173416838894885239e-02
3.175519671056980381e-02
3.177416272422892846e-02
3.179106534693842273e-02
3.180590361333601734e-02
3.181867667574972414e-02
3.182938380420254065e-02
3.183802438645010058e-02
3.184459792799086003e-02
3.184910405210395618e-02
3.185154249984189362e-02
3.185191313006673075e-02
3.185021591941869512e-02
3.184645096234890727e-02
3.184061847109335291e-02
3.183271877569197883e-02
3.182275232395247871e-02
3.181071968145293000e-02
3.179662153149351300e-02
3.178045867512890865e-02
3.176223203106631060e-02
3.174194263570997987e-02
3.171959164304907763e-02
3.169518032468864044e-02
3.166871006975097158e-02
3.164018238485419299e-02
3.160959889405184908e-02
3.157696133877879729e-02
3.154227157778764085e-02
3.150553158708827711e-02
3.146674345985122495e-02
3.142590940639072850e-02
3.138303175401644524e-02
3.133811294700695332e-02
3.129115554650237219e-02
3.124216223040303039e-02
3.119113579329971242e-02
3.113807914632989171e-02
3.108299531713766203e-02
3.102588744971554457e-02
3.096675880429599140e-02
3.090561275726955506e-02
3.084245280101935091e-02
3.077728254383571560e-02
3.071010570975235901e-02
3.064092613843504009e-02
3.056974778503497234e-02
3.049657472004448783e-02
3.042141112915529993e-02
3.034426131309818711e-02
3.026512968749856328e-02
3.018402078269899480e-02
3.010093924361375087e-02
3.001588982954797591e-02
2.992887741402387378e-02
2.983990698459860341e-02
2.974898364269178835e-02
2.965611260339271957e-02
2.956129919525394417e-02
2.946454886013306559e-02
2.936586715292863886e-02
2.926525974144956674e-02
2.916273240613719009e-02
2.905829103988727749e-02
2.895194164782404975e-02
2.884369034706153745e-02
2.873354336649586172e-02
2.862150704654718020e-02
2.850758783894242684e-02
2.839179230644185703e-02
2.827412712263707717e-02
2.815459907164054310e-02
2.803321504786731103e-02
2.790998205577078020e-02
2.778490720953297188e-02
2.765799773285788909e-02
2.752926095862799280e-02
2.739870432865701075e-02
2.726633539339966966e-02
2.713216181164800761e-02
2.699619135023601305e-02
2.685843188373971888e-02
2.671889139416083747e-02
2.657757797062854782e-02
2.643449980905494823e-02
2.628966521184719976e-02
2.614308258753780465e-02
2.599476045048640035e-02
2.584470742050312339e-02
2.569293222254255202e-02
2.553944368632426326e-02
2.538425074599956477e-02
2.522736243976411719e-02
2.506878790951396971e-02
2.490853640046004902e-02
2.474661726076571658e-02
2.458303994114859406e-02
2.441781399450278223e-02
2.425094907549986065e-02
2.408245494018914842e-02
2.391234144560092090e-02
2.374061854931985849e-02
2.356729630910416040e-02
2.339238488241203451e-02
2.321589452601398318e-02
2.303783559555726279e-02
2.285821854510487403e-02
2.267705392671785086e-02
2.249435238998557726e-02
2.231012468157391945e-02
2.212438164478105346e-02
2.193713421904351993e-02
2.174839343948355846e-02
2.155817043641876721e-02
2.136647643488823189e-02
2.117332275414409229e-02
2.097872080718009638e-02
2.078268210020822737e-02
2.058521823214961091e-02
2.038634089413104977e-02
2.018606186897608373e-02
1.998439303064558636e-02
1.978134634372626446e-02
1.957693386288915025e-02
1.937116773234860007e-02
1.916406018530071934e-02
1.895562354338042529e-02
1.874587021608005097e-02
1.853481270020009702e-02
1.832246357926184399e-02
1.810883552292527621e-02
1.789394128640288753e-02
1.767779370987408033e-02
1.746040571786806883e-02
1.724179031867377129e-02
1.702196060371816144e-02
1.680092974694587238e-02
1.657871100420194033e-02
1.635531771259213230e-02
1.613076328983932203e-02
1.590506123365979449e-02
1.567822512108811919e-02
1.545026860784079470e-02
1.522120542764067094e-02
1.499104939153808949e-02
1.475981438726466609e-02
1.452751437851566504e-02
1.429416340428901581e-02
1.405977557816335752e-02
1.382436508762209873e-02
1.358794619333018525e-02
1.335053322841510577e-02
1.311214059775818799e-02
1.287278277726211333e-02
1.263247431310696861e-02
1.239122982103124659e-02
1.214906398555412083e-02
1.190599155925005717e-02
1.166202736197225268e-02
1.141718628009828936e-02
1.117148326574297565e-02
1.092493333598479506e-02
1.067755157208655561e-02
1.042935311869373251e-02
1.018035318303939230e-02
9.930567034142879015e-03
9.680010001985869111e-03
9.428697476709555284e-03
9.176644907781677379e-03
8.923867803168549287e-03
8.670381728488302242e-03
8.416202306183933474e-03
8.161345214660669853e-03
7.905826187433143137e-03
7.649661012264132726e-03
7.392865530294845562e-03
7.135455635162738994e-03
6.877447272135466146e-03
6.618856437205467361e-03
6.359699176207885864e-03
6.099991583915235528e-03
5.839749803129622684e-03
5.578990023777738276e-03
5.317728481978774464e-03
5.055981459129676309e-03
4.793765280972589124e-03
4.531096316654081510e-03
4.267990977783085553e-03
4.004465717483239075e-03
3.740537029433969526e-03
3.476221446917029251e-03
3.211535541835280373e-03
2.946495923756394224e-03
2.681119238919417273e-03
2.415422169257616138e-03
2.149421431407902774e-03
1.883133775710131271e-03
1.616575985210056202e-03
1.349764874646000416e-03
1.082717289441272350e-03
8.154501046812424143e-04
5.479802240912314600e-04
2.803245790034841907e-04
1.250012732569835737e-05
-2.554761475032850631e-04
-5.235872375565025182e-04
-7.918161114730385731e-04
-1.060145715514885590e-03
-1.328558974624087464e-03
-1.597038793496014398e-03
-1.865568057647167812e-03
-2.134129634495406970e-03
-2.402706374438776538e-03
-2.671281111944939606e-03
-2.939836666639852186e-03
-3.208355844409264707e-03
-3.476821438496206090e-03
-3.745216230608125040e-03
-4.013522992026302520e-03
-4.281724484723014972e-03
-4.549803462478428651e-03
-4.817742672008484307e-03
-5.085524854085214132e-03
-5.353132744679636561e-03
-5.620549076089356895e-03
-5.887756578084723386e-03
-6.154737979049005464e-03
-6.421476007132203428e-03
-6.687953391398909764e-03
-6.954152862984093811e-03
-7.220057156259004211e-03
-7.485649009986780969e-03
-7.750911168493588958e-03
-8.015826382841638800e-03
-8.280377411997368736e-03
-8.544547024008966249e-03
-8.808317997191884158e-03
-9.071673121305251150e-03
-9.334595198743991101e-03
-9.597067045722953993e-03
-9.859071493471593950e-03
-1.012059138943152865e-02
-1.038160959844474859e-02
-1.064210900396245219e-02
-1.090207250924439888e-02
-1.116148303855600890e-02
-1.142032353839248643e-02
-1.167857697866421345e-02
-1.193622635393130557e-02
-1.219325468459810796e-02
-1.244964501813587525e-02
-1.270538043029667725e-02
-1.296044402633463044e-02
-1.321481894221812094e-02
-1.346848834586290497e-02
-1.372143543833309609e-02
-1.397364345508652836e-02
-1.422509566718269808e-02
-1.447577538252245791e-02
-1.472566594705362192e-02
-1.497475074601732278e-02
-1.522301320515894070e-02
-1.547043679197159134e-02
-1.571700501690505292e-02
-1.596270143461311908e-02
-1.620750964516318518e-02
-1.645141329528053767e-02
-1.669439607956281144e-02
-1.693644174171496722e-02
-1.717753407577724684e-02
-1.741765692734206783e-02
-1.765679419479435075e-02
-1.789492983052606151e-02
-1.813204784216345886e-02
-1.836813229378693457e-02
-1.860316730715906239e-02
-1.883713706294214835e-02
-1.907002580191934776e-02
-1.930181782620966208e-02
-1.953249750048099281e-02
-1.976204925317634475e-02
-1.999045757770307602e-02
-2.021770703367382210e-02
-2.044378224808798133e-02
-2.066866791655009791e-02
-2.089234880447210507e-02
-2.111480974827086368e-02
-2.133603565656391060e-02
-2.155601151137204879e-02
-2.177472236929460514e-02
-2.199215336272005231e-02
-2.220828970099830366e-02
-2.242311667162056460e-02
-2.263661964140610897e-02
-2.284878405766237186e-02
-2.305959544937504282e-02
-2.326903942836083122e-02
-2.347710169042744460e-02
-2.368376801654400662e-02
-2.388902427398555822e-02
-2.409285641748712056e-02
-2.429525049037777051e-02
-2.449619262573907857e-02
-2.469566904752045627e-02
-2.489366607167835255e-02
-2.509017010729952882e-02
-2.528516765771452943e-02
-2.547864532162357615e-02
-2.567058979418446879e-02
-2.586098786814005832e-02
-2.604982643487971372e-02
-2.623709248557023338e-02
-2.642277311219907304e-02
-2.660685550867574606e-02
-2.678932697190792439e-02
-2.697017490283020597e-02
-2.714938680750750288e-02
-2.732695029814830728e-02
-2.750285309416495780e-02
-2.767708302320385019e-02
-2.784962802218100483e-02
-2.802047613830189327e-02
-2.818961553005274942e-02
-2.835703446824373863e-02
-2.852272133698142975e-02
-2.868666463465905161e-02
-2.884885297495481254e-02
-2.900927508777396968e-02
-2.916791982026257016e-02
-2.932477613771044406e-02
-2.947983312452761781e-02
-2.963307998519826986e-02
-2.978450604516724373e-02
-2.993410075180009608e-02
-3.008185367527593801e-02
-3.022775450948795087e-02
-3.037179307295358871e-02
-3.051395930967864059e-02
-3.065424329004862516e-02
-3.079263521166711315e-02
-3.092912540023672052e-02
-3.106370431040330476e-02
-3.119636252655009351e-02
-3.132709076368768442e-02
-3.145587986819158716e-02
-3.158272081867105618e-02
-3.170760472672277952e-02
-3.183052283771860280e-02
-3.195146653158919409e-02
-3.207042732357472808e-02
-3.218739686495866725e-02
-3.230236694383058910e-02
-3.241532948580794909e-02
-3.252627655473429996e-02
-3.263520035339282505e-02
-3.274209322419409374e-02
-3.284694764986495485e-02
-3.294975625411396963e-02
-3.305051180228165547e-02
-3.314920720197672005e-02
-3.324583550374113350e-02
-3.334038990162588312e-02
-3.343286373384067589e-02
-3.352325048330723201e-02
-3.361154377828960010e-02
-3.369773739291975073e-02
-3.378182524778880480e-02
-3.386380141047190540e-02
-3.394366009607263646e-02
-3.402139566773491192e-02
-3.409700263715472607e-02
-3.417047566506390549e-02
-3.424180956173666218e-02
-3.431099928741901395e-02
-3.437803995281095426e-02
-3.444292681950292950e-02
-3.450565530039494122e-02
-3.456622096012416934e-02
-3.462461951544305860e-02
-3.468084683563550652e-02
-3.473489894287527802e-02
-3.478677201257134727e-02
-3.483646237374531801e-02
-3.488396650934920407e-02
-3.492928105657305826e-02
-3.497240280716391175e-02
-3.501332870772584649e-02
-3.505205585996468143e-02
-3.508858152098005140e-02
-3.512290310350660305e-02
-3.515501817615053481e-02
-3.518492446360493853e-02
-3.521261984685601643e-02
-3.523810236338476010e-02
-3.526137020734172040e-02
-3.528242172970628282e-02
-3.530125543843305042e-02
-3.531786999861030729e-02
-3.533226423256102811e-02
-3.534443711994145892e-02
-3.535438779786655161e-02
-3.536211556096194308e-02
-3.536761986143195646e-02
-3.537090030912071192e-02
-3.537195667153789080e-02
-3.537078887388699078e-02
-3.536739699904621614e-02
-3.536178128761566231e-02
-3.535394213782733219e-02
-3.534388010558196791e-02
-3.533159590432527475e-02
-3.531709040503107355e-02
-3.530036463611307962e-02
-3.528141978332164502e-02
-3.526025718964222871e-02
-3.523687835516849109e-02
-3.521128493696545902e-02
-3.518347874894196120e-02
-3.515346176163267056e-02
-3.512123610208533336e-02
-3.508680405360941473e-02
-3.505016805560794840e-02
-3.501133070333213582e-02
-3.497029474765648432e-02
-3.492706309482063176e-02
-3.488163880618759538e-02
-3.483402509793676050e-02
-3.478422534078539491e-02
-3.473224305968418413e-02
-3.467808193349310869e-02
-3.462174579466414936e-02
-3.456323862886385989e-02
-3.450256457463754534e-02
-3.443972792302762986e-02
-3.437473311718379498e-02
-3.430758475196384744e-02
-3.423828757351637248e-02
-3.416684647885333964e-02
-3.409326651541334102e-02
-3.401755288059148119e-02
-3.393971092129086792e-02
-3.385974613343140094e-02
-3.377766416145618067e-02
-3.369347079781381815e-02
-3.360717198246442744e-02
-3.351877380231883113e-02
-3.342828249070052549e-02
-3.333570442680747203e-02
-3.324104613511261880e-02
-3.314431428478847169e-02
-3.304551568912145881e-02
-3.294465730489710975e-02
-3.284174623177413960e-02
-3.273678971165326634e-02
-3.262979512804257964e-02
-3.252077000538909635e-02
-3.240972200841785167e-02
-3.229665894144187477e-02
-3.218158874767534233e-02
-3.206451950853797528e-02
-3.194545944292363771e-02
-3.182441690648252219e-02
-3.170140039090008077e-02
-3.157641852309690800e-02
-3.144948006452881473e-02
-3.132059391038866797e-02
-3.118976908880355392e-02
-3.105701476008736889e-02
-3.092234021590452298e-02
-3.078575487846246447e-02
-3.064726829968972971e-02
-3.050689016041426352e-02
-3.036463026948799798e-02
-3.022049856296783743e-02
-3.007450510322868392e-02
-2.992666007808895967e-02
-2.977697379994699925e-02
-2.962545670485354499e-02
-2.947211935164251867e-02
-2.931697242100076220e-02
-2.916002671455033765e-02
-2.900129315391912835e-02
-2.884078277980397717e-02
-2.867850675101073221e-02
-2.851447634351303786e-02
-2.834870294947183789e-02
-2.818119807628446244e-02
-2.801197334556424987e-02
-2.784104049220064922e-02
-2.766841136331517695e-02
-2.749409791728375796e-02
-2.731811222270539782e-02
-2.714046645739533192e-02
-2.696117290734990207e-02
-2.678024396570579529e-02
-2.659769213170885827e-02
-2.641353000965152367e-02
-2.622777030781449359e-02
-2.604042583741515357e-02
-2.585150951152569848e-02
-2.566103434400745370e-02
-2.546901344841029716e-02
-2.527546003689097598e-02
-2.508038741912622244e-02
-2.488380900120220479e-02
-2.468573828449635577e-02
-2.448618886458395899e-02
-2.428517443011021099e-02
-2.408270876166499624e-02
-2.387880573064491557e-02
-2.367347929813989199e-02
-2.346674351376756840e-02
-2.325861251456049980e-02
-2.304910052378139618e-02
-2.283822184979203765e-02
-2.262599088489290061e-02
-2.241242210415027997e-02
-2.219753006424247596e-02
-2.198132940228005386e-02
-2.176383483463139104e-02
-2.154506115575417768e-02
-2.132502323699972391e-02
-2.110373602544170918e-02
-2.088121454267082705e-02
-2.065747388362213291e-02
-2.043252921536087979e-02
-2.020639577590795447e-02
-1.997908887301276526e-02
-1.975062388297239846e-02
-1.952101624941316241e-02
-1.929028148208220342e-02
-1.905843515565327356e-02
-1.882549290849092408e-02
-1.859147044145684560e-02
-1.835638351667984169e-02
-1.812024795634889149e-02
-1.788307964148011520e-02
-1.764489451071584586e-02
-1.740570855908050996e-02
-1.716553783677756198e-02
-1.692439844794766876e-02
-1.668230654945575611e-02
-1.643927834966085744e-02
-1.619533010719711313e-02
-1.595047812972390927e-02
-1.570473877273071209e-02
-1.545812843828153066e-02
-1.521066357380463849e-02
-1.496236067085731682e-02
-1.471323626389324513e-02
-1.446330692905026770e-02
-1.421258928290640086e-02
-1.396109998126190271e-02
-1.370885571791026492e-02
-1.345587322341769941e-02
-1.320216926389103894e-02
-1.294776063975595394e-02
-1.269266418453630745e-02
-1.243689676363310750e-02
-1.218047527310032151e-02
-1.192341663842792082e-02
-1.166573781332478146e-02
-1.140745577849850388e-02
-1.114858754045295296e-02
-1.088915013026038603e-02
-1.062916060235727378e-02
-1.036863603334026163e-02
-1.010759352075311056e-02
-9.846050181885956237e-03
-9.584023152573738907e-03
-9.321529585990650374e-03
-9.058586651462943035e-03
-8.795211533265345771e-03
-8.531421429435455048e-03
-8.267233550582751833e-03
-8.002665118699332433e-03
-7.737733365984309809e-03
-7.472455533657213281e-03
-7.206848870782886843e-03
-6.940930633101668849e-03
-6.674718081852515708e-03
-6.408228482611256702e-03
-6.141479104129809845e-03
-5.874487217166307791e-03
-5.607270093341219439e-03
-5.339845003978314388e-03
-5.072229218955320168e-03
-4.804440005566167418e-03
-4.536494627373237852e-03
-4.268410343076917829e-03
-4.000204405378106343e-03
-3.731894059857763634e-03
-3.463496543845280377e-03
-3.195029085301503979e-03
-2.926508901711081211e-03
-2.657953198960727025e-03
-2.389379170242214058e-03
-2.120803994947999087e-03
-1.852244837574690446e-03
-1.583718846634033514e-03
-1.315243153563193856e-03
-1.046834871643507331e-03
-7.785110949276381927e-04
-5.102888971609305250e-04
-2.421853307208623844e-04
2.578257444695893205e-05
2.935978118870153416e-04
5.612433996812285497e-04
8.287023814966714471e-04
1.095957827627461406e-03
1.362992836028199730e-03
1.629790533341834557e-03
1.896334075929405729e-03
2.162606650881486372e-03
2.428591477036796693e-03
2.694271805989251721e-03
2.959630923083257821e-03
3.224652148420751110e-03
3.489318837840216410e-03
3.753614383910396264e-03
4.017522216901843642e-03
4.281025805763509669e-03
4.544108659092662220e-03
4.806754326083872465e-03
5.068946397501310902e-03
5.330668506614178771e-03
5.591904330144063101e-03
5.852637589202951997e-03
6.112852050224905180e-03
6.372531525885976114e-03
6.631659876027453521e-03
6.890221008570423210e-03
7.148198880410999885e-03
7.405577498334902850e-03
7.662340919897845520e-03
7.918473254326749422e-03
8.173958663389045351e-03
8.428781362271098310e-03
8.682925620452548038e-03
8.936375762561917999e-03
9.189116169234652978e-03
9.441131277964056462e-03
9.692405583942676622e-03
9.942923640907612784e-03
1.019267006194979168e-02
1.044162952036279367e-02
1.068978675044962232e-02
1.093712654833035175e-02
1.118363377275097097e-02
1.142929334588483128e-02
1.167409025412493272e-02
1.191800954885519764e-02
1.216103634725035181e-02
1.240315583303776628e-02
1.264435325726150777e-02
1.288461393904774543e-02
1.312392326635333090e-02
1.336226669672184453e-02
1.359962975800751810e-02
1.383599804912754444e-02
1.407135724077370961e-02
1.430569307614619132e-02
1.453899137166127058e-02
1.477123801766034444e-02
1.500241897910833608e-02
1.523252029630395299e-02
1.546152808554571850e-02
1.568942853982530430e-02
1.591620792951752711e-02
1.614185260302503436e-02
1.636634898745645272e-02
1.658968358927994172e-02
1.681184299497986978e-02
1.703281387168209191e-02
1.725258296782107917e-02
1.747113711373891182e-02
1.768846322233677548e-02
1.790454828967978640e-02
1.811937939561869548e-02
1.833294370437976717e-02
1.854522846518663615e-02
1.875622101284298363e-02
1.896590876831038761e-02
1.917427923930503653e-02
1.938132002087258540e-02
1.958701879594703862e-02
1.979136333591533653e-02
1.999434150118431855e-02
2.019594124172233857e-02
2.039615059760038762e-02
2.059495769953725852e-02
2.079235076943668215e-02
2.098831812089938312e-02
2.118284815975633381e-02
2.137592938456577690e-02
2.156755038714481057e-02
